menu_index,timestamp_utc,replay_id,team_id,opponent_id,player_id
0,2025-11-28 08:01:24 UTC,029PUJJPLQG2,9JJGLJV,PJUVJQV2Y,9JJGLJV
1,2025-11-28 07:57:12 UTC,08QPQVU92L00,9JJGLJV,22YR2V2L9,9JJGLJV
2,2025-11-28 07:51:10 UTC,028PUCVRVG2C,9JJGLJV,C8VYULU9L,9JJGLJV
3,2025-11-28 07:47:47 UTC,029PUJJ9RLYL,9JJGLJV,Q9QYGL0L,9JJGLJV
4,2025-11-28 07:44:22 UTC,029PUJJ9LRQ8,9JJGLJV,JQGQL99VU,9JJGLJV
5,2025-11-28 07:40:50 UTC,029PUJJ99JCJ,9JJGLJV,Y92U822U,9JJGLJV
6,2025-11-28 07:39:37 UTC,08U9V92JUCG9,9JJGLJV,QCG9J2QL0,9JJGLJV
7,2025-11-28 06:39:02 UTC,08YPJP2VL8YV,9JJGLJV,VVG0LR9GV,9JJGLJV
8,2025-11-27 18:25:02 UTC,00UPUYJL8YVP,9JJGLJV,8VGLJUU,9JJGLJV
9,2025-11-27 18:22:43 UTC,029PUJY900GQ,9JJGLJV,VUC8CVCPP,9JJGLJV
10,2025-11-27 18:15:48 UTC,002Y0YP8V88V,9JJGLJV,PLRUPUYJ2,9JJGLJV
11,2025-11-27 18:12:54 UTC,082PJQQL2YR2,9JJGLJV,V0G92UJ8R,9JJGLJV
12,2025-11-27 18:09:15 UTC,029PUJY2YRYV,9JJGLJV,VPLLVQP0,9JJGLJV
13,2025-11-27 18:08:01 UTC,029PUJY29R9Y,9JJGLJV,JV9V8YGV2,9JJGLJV
14,2025-11-27 18:04:47 UTC,029PUJY0UP0G,9JJGLJV,GCYUL22Y,9JJGLJV
15,2025-11-27 18:01:37 UTC,00VPUYJ99PG0,9JJGLJV,PUPCJRRG2,9JJGLJV
16,2025-11-27 17:58:01 UTC,00YPUY22LGQR,9JJGLJV,2QV20PQ8V,9JJGLJV
17,2025-11-27 16:34:25 UTC,09J9YYQCPRRJ,9JJGLJV,V88R09PC8,9JJGLJV
18,2025-11-27 14:26:44 UTC,029PUJ9P0UPC,9JJGLJV,V92LRCVUV,9JJGLJV
19,2025-11-26 17:48:05 UTC,029PURJ0QJL8,9JJGLJV,RYVVC8R0G,9JJGLJV
20,2025-11-26 16:26:26 UTC,029PURRY0V92,9JJGLJV,V88R09PC8,9JJGLJV
21,2025-11-26 16:20:14 UTC,09J9YPV9LJ89,9JJGLJV,V88R09PC8,9JJGLJV
22,2025-11-26 15:56:59 UTC,02LPCL8JJQJG,9JJGLJV,2LR9RUQU0,9JJGLJV
23,2025-11-26 10:00:08 UTC,029PURLCQC28,9JJGLJV,PR8G8JGY,9JJGLJV
24,2025-11-26 09:56:26 UTC,029PURLCPYVG,9JJGLJV,VPYR22VYY,9JJGLJV
25,2025-11-26 09:53:04 UTC,08LPJ2P2JRYU,9JJGLJV,2GPCUGJLL,9JJGLJV
26,2025-11-26 09:48:48 UTC,09Q9U09YLRJR,9JJGLJV,2VCR9JPCQ,9JJGLJV
27,2025-11-25 18:05:53 UTC,028PUJPJQ0GR,9JJGLJV,2LCR0CC80,9JJGLJV
28,2025-11-25 14:44:26 UTC,029PUGVGGJUG,9JJGLJV,CC90J9Y8C,9JJGLJV
29,2025-11-25 13:24:50 UTC,029PUGV09QVV,9JJGLJV,Q2YGYP8V8,9JJGLJV
0,2025-11-23 09:05:03 UTC,029PUQQUCVYU,9JJGLJV,V88R09PC8,9JJGLJV
1,2025-11-23 08:59:41 UTC,029PUQQUQQR8,9JJGLJV,V88R09PC8,9JJGLJV
2,2025-11-23 08:52:39 UTC,09J9Y8V9LYL2,9JJGLJV,V88R09PC8,9JJGLJV
3,2025-11-23 06:29:01 UTC,080PJPCGR2RL,9JJGLJV,GPGJYQRJ,9JJGLJV
4,2025-11-23 06:02:59 UTC,029PUQQ90Y8C,9JJGLJV,V0PJ2CLVC,9JJGLJV
5,2025-11-22 20:01:45 UTC,020PU2CLQ0LU,"PLCUL02,9JJGLJV","GQ9RJ8CQV,GGUUQR0CU",9JJGLJV
6,2025-11-22 09:20:25 UTC,029PULUG89UP,9JJGLJV,V88R09PC8,9JJGLJV
7,2025-11-22 09:11:11 UTC,09J9Y8PPRLPV,9JJGLJV,V88R09PC8,9JJGLJV
8,2025-11-22 09:04:15 UTC,029PULUQ2VLP,9JJGLJV,V88R09PC8,9JJGLJV
9,2025-11-20 16:15:33 UTC,029PUYJJ8CYR,9JJGLJV,RPUR8QCCC,9JJGLJV
0,2025-11-18 14:38:37 UTC,029PUPL9Y098,9JJGLJV,JULRR2C2L,9JJGLJV
1,2025-11-16 08:03:40 UTC,029PU9002PQY,9JJGLJV,20J2QUL0L,9JJGLJV
2,2025-11-15 18:36:25 UTC,088PRRG0VUJ2,"9JJGLJV,GY090JJ","JCG8VQV8Q,J88LJ2JLQ",9JJGLJV
3,2025-11-15 16:18:02 UTC,029PU8QU982R,"9JJGLJV,8VYPQ2QR","92QV8G0U0,99QQLVCJ2",9JJGLJV
4,2025-11-15 10:26:00 UTC,00VPCCJU09P0,"2JQV8VL,9JJGLJV","80U02UVGQ,2VYJ8LYY9",9JJGLJV
5,2025-11-15 09:14:23 UTC,029PU8Y0PY8V,9JJGLJV,Q890JVGPC,9JJGLJV
6,2025-11-14 19:27:37 UTC,02YPU8G0CRGY,9JJGLJV,RQ8P22L9,9JJGLJV
0,2025-11-27 08:37:34 UTC,028PUCPCRQUU,RQ8PGJQRL,J99VRV2VG,RQ8PGJQRL
1,2025-11-27 08:34:03 UTC,002Y0Y0YJR2J,RQ8PGJQRL,9RUUU88Y9,RQ8PGJQRL
2,2025-11-27 07:05:16 UTC,02RPCGYUQJ8V,"RQ8PGJQRL,2Y2YPJ0GL","YU2RR8UUG,UV2ULJRQ2",RQ8PGJQRL
3,2025-11-27 07:00:28 UTC,028PUCPYV80R,"2Y2YPJ0GL,RQ8PGJQRL","8VPQGV90,9GLJGQJ9",RQ8PGJQRL
4,2025-11-27 06:55:39 UTC,02JPCG2RYU89,"2Y2YPJ0GL,RQ8PGJQRL","PYVCQY88Q,V8YJY8LVJ",RQ8PGJQRL
5,2025-11-27 06:51:05 UTC,028PUCPYPUUL,"2Y2YPJ0GL,RQ8PGJQRL","JGJ0QP0YU,8VGYY80JQ",RQ8PGJQRL
6,2025-11-27 06:45:33 UTC,00LPULPLL2VR,"RQ8PGJQRL,2Y2YPJ0GL","8V0JQPYUC,Y2G29QYCU",RQ8PGJQRL
7,2025-11-27 06:42:00 UTC,02RPCGYC2Q8C,"2Y2YPJ0GL,RQ8PGJQRL","8VYCYPC8Y,8U28L90J9",RQ8PGJQRL
8,2025-11-27 06:38:49 UTC,028PUCPPG0JJ,"2Y2YPJ0GL,RQ8PGJQRL","UY882Y8PG,RQ88PCYY0",RQ8PGJQRL
9,2025-11-27 06:33:42 UTC,028PUCPP9QLQ,"2Y2YPJ0GL,RQ8PGJQRL","JQQYJCYY,8CVGLUU28",RQ8PGJQRL
10,2025-11-27 06:18:56 UTC,028PUCP9PG00,"2Y2YPJ0GL,RQ8PGJQRL","P88CU0J,CQGRQPQ8R",RQ8PGJQRL
11,2025-11-27 06:03:48 UTC,028PUCP8YJ2C,RQ8PGJQRL,YLR0JR229,RQ8PGJQRL
12,2025-11-26 12:06:35 UTC,08GPQJPGRGQP,RQ8PGJQRL,RR9LGCU0U,RQ8PGJQRL
13,2025-11-26 12:01:46 UTC,028PUJJUCVVP,RQ8PGJQRL,8QRLQJGLL,RQ8PGJQRL
14,2025-11-25 00:07:16 UTC,09P9CCCGPY08,RQ8PGJQRL,VRGLL882G,RQ8PGJQRL
15,2025-11-25 00:03:50 UTC,028PURUPJURQ,RQ8PGJQRL,80LJVYUYR,RQ8PGJQRL
16,2025-11-24 23:59:43 UTC,08QPQCC0C2Q9,RQ8PGJQRL,RJQGG0Y22,RQ8PGJQRL
17,2025-11-24 23:55:50 UTC,08QPQCC0L2YL,RQ8PGJQRL,RJQGG0Y22,RQ8PGJQRL
18,2025-11-24 23:51:21 UTC,028PURU9GUJR,RQ8PGJQRL,20CG8L9GPG,RQ8PGJQRL
19,2025-11-24 19:03:04 UTC,00RPU99UGGU2,RQ8PGJQRL,U0GC90JJY,RQ8PGJQRL
20,2025-11-24 18:59:20 UTC,028PURRVJULL,RQ8PGJQRL,9LR2G00JQ,RQ8PGJQRL
21,2025-11-24 18:24:53 UTC,00PY08888R09,RQ8PGJQRL,UJVRLJVLU,RQ8PGJQRL
22,2025-11-24 13:55:57 UTC,088PJ2922PPL,RQ8PGJQRL,RRP8PP89U,RQ8PGJQRL
23,2025-11-24 13:52:02 UTC,088PJ290JYL9,RQ8PGJQRL,RRP8PP89U,RQ8PGJQRL
24,2025-11-24 13:48:01 UTC,088PJ290YP8J,RQ8PGJQRL,RRP8PP89U,RQ8PGJQRL
25,2025-11-24 13:43:32 UTC,088PJ28VVG0J,RQ8PGJQRL,RRP8PP89U,RQ8PGJQRL
0,2025-11-28 07:20:27 UTC,02PPUCL9U2CR,8V8029,90VCGR8UJ,8V8029
1,2025-11-28 07:17:16 UTC,08GPQCQ0R0UJ,8V8029,C9J9Y2JU,8V8029
2,2025-11-28 07:14:16 UTC,029PUJJ2RJ8G,8V8029,VQPJVR0RR,8V8029
3,2025-11-28 07:12:27 UTC,029PUJJ2G9Y2,8V8029,VQPGUG022,8V8029
4,2025-11-28 07:09:31 UTC,029PUJJ2YC2P,8V8029,2080Y8PUJG,8V8029
5,2025-11-28 06:09:02 UTC,029PUJRCGY8P,8V8029,VYJ8JPL9J,8V8029
6,2025-11-28 06:05:48 UTC,029PUJRCYR8Y,8V8029,VL82UVYUV,8V8029
7,2025-11-28 06:02:27 UTC,09L9U2UVV02J,8V8029,VUUGQLPLU,8V8029
8,2025-11-28 05:58:04 UTC,0999U29GV2U9,8V8029,20PJVG80LR,8V8029
9,2025-11-28 05:53:58 UTC,029PUJRJRULV,8V8029,QPUCJJQPR,8V8029
10,2025-11-27 20:56:15 UTC,0989V88LJV0Y,8V8029,20PQGPGGYL,8V8029
11,2025-11-27 16:31:16 UTC,02CPJYG8R0V9,8V8029,VJP0V98JV,8V8029
12,2025-11-27 16:27:47 UTC,02RPCGR2CU99,8V8029,V2GVJPVVV,8V8029
13,2025-11-27 11:51:31 UTC,08RPQUGC2LYP,8V8029,GVP0PUQQQ,8V8029
14,2025-11-27 11:46:15 UTC,029PUJ89R0V8,8V8029,RG90CVYR8,8V8029
15,2025-11-27 11:41:49 UTC,00YPUPUPU8JJ,8V8029,V8GL20GJR,8V8029
16,2025-11-27 07:28:17 UTC,029PUJ229Y9U,8V8029,PYG8UCV2,8V8029
17,2025-11-27 07:24:46 UTC,029PUJ220LC8,8V8029,VL9V9QQG8,8V8029
18,2025-11-26 21:27:00 UTC,02RPCG8JPCCU,8V8029,2VV2JPCV,8V8029
19,2025-11-26 21:23:45 UTC,09C9YPCLLCGQ,8V8029,200VJQUYYC,8V8029
20,2025-11-26 16:27:41 UTC,00VPUY0G90PC,8V8029,UU8Q02,8V8029
21,2025-11-26 16:21:39 UTC,029PURRPQ2UR,8V8029,JQQJ20LRC,8V8029
22,2025-11-26 16:10:40 UTC,0909V8R9G822,8V8029,200JQJY90L,8V8029
23,2025-11-26 14:58:09 UTC,022PVYC0R98G,"Y8GUUVL,8V8029","QLUY2QGG8,U8QV2R09",8V8029
24,2025-11-26 14:56:18 UTC,08RPQU29C0UQ,"8V8029,Y8GUUVL","PY29G8VVV,CUGV2V2JV",8V8029
25,2025-11-26 14:54:16 UTC,029PURGGC229,"Y8GUUVL,8V8029","JR8880RL9,GQGQGURLG",8V8029
26,2025-11-26 14:50:59 UTC,029PURGGL99Y,"Y8GUUVL,8V8029","RLUJ9UVCV,GR98JJRLR",8V8029
27,2025-11-26 14:47:43 UTC,029PURGG2L2L,"Y8GUUVL,8V8029","J0VYURVQL,QLRR9JVVJ",8V8029
28,2025-11-26 14:44:22 UTC,0909V8GG8QQG,"Y8GUUVL,8V8029","VYY0P9CRJ,2V2908920",8V8029
29,2025-11-26 14:41:05 UTC,00QPUYJR8YJY,"Y8GUUVL,8V8029","VV9JVPUY0,U2L2RJYJQ",8V8029
0,2025-11-23 19:24:13 UTC,082PJY0J2UY9,8V8029,JYGL2L99,8V8029
1,2025-11-23 07:32:46 UTC,09U9Y8P00CRJ,8V8029,PLU0UJVYU,8V8029
2,2025-11-23 07:29:08 UTC,029PUQQQQ22Q,8V8029,VUG0P0LY8,8V8029
3,2025-11-23 07:25:29 UTC,029PUQQQPLCR,8V8029,2V0YQ0PVU,8V8029
4,2025-11-23 07:22:19 UTC,029PUQQQ88J9,8V8029,9UGLPJU8R,8V8029
5,2025-11-22 23:18:15 UTC,02PPUG22JJ0Q,8V8029,C2LGVVCR0,8V8029
6,2025-11-22 23:14:55 UTC,029PUQPV88PQ,8V8029,2GRU9JCCC,8V8029
7,2025-11-22 23:12:31 UTC,00LPU9GRGRYY,8V8029,UJLP8LPRG,8V8029
8,2025-11-22 23:08:46 UTC,02VPJP282RGP,8V8029,PJ2JVGQ9Y,8V8029
9,2025-11-22 23:05:36 UTC,02RPCYJ09LQR,8V8029,R2YLY2CCR,8V8029
0,2025-11-22 23:03:53 UTC,00CPU8JLG9C8,8V8029,CYQ0URYVR,8V8029
1,2025-11-22 23:02:13 UTC,09L9CUR0CP09,8V8029,CG9JQ9P0G,8V8029
2,2025-11-22 23:01:18 UTC,029PUQPCJVYC,8V8029,9LL90LL8V,8V8029
3,2025-11-22 22:58:08 UTC,029PUQPCLLJQ,8V8029,8R92LRJGG,8V8029
4,2025-11-22 22:54:58 UTC,00JPU9C29UCQ,8V8029,222U2JRCU,8V8029
5,2025-11-22 22:34:28 UTC,08V9UVQ8G8C8,8V8029,PPYY92VUY,8V8029
6,2025-11-22 22:30:22 UTC,029PUQPGGRQ2,8V8029,Q09L92VPY,8V8029
7,2025-11-22 22:27:04 UTC,08CPQRQLJCC2,8V8029,CRC08LYCR,8V8029
8,2025-11-22 22:21:49 UTC,02PPUG0J08L2,8V8029,V0PP8LCV0,8V8029
9,2025-11-22 22:18:51 UTC,029PUQPQYYYV,8V8029,2LV8LL2CG,8V8029
0,2025-11-22 22:15:39 UTC,08V9UVQ0GR8U,8V8029,GY8UVCR0V,8V8029
1,2025-11-22 22:11:25 UTC,029PUQPLG82Y,8V8029,QV8PG2Q0P,8V8029
2,2025-11-22 22:07:31 UTC,028PUGQVQP8V,8V8029,JLQRUVVQ8,8V8029
3,2025-11-22 22:03:42 UTC,029PUQPYJYUY,8V8029,989CVR2VR,8V8029
4,2025-11-22 20:32:45 UTC,029PUQ9RJ8UL,8V8029,U2U9J9LRP,8V8029
5,2025-11-22 20:29:31 UTC,08RPQRJJVCLR,8V8029,20P2RVJQU2,8V8029
6,2025-11-22 20:26:16 UTC,00PY00VLR89Y,8V8029,RJUL0RLUU,8V8029
7,2025-11-22 20:22:21 UTC,029PUQ9GGLJ8,8V8029,JU9CVQGVV,8V8029
8,2025-11-22 20:18:35 UTC,09C9Y8Y22VP0,8V8029,8GU99P9P2,8V8029
9,2025-11-22 20:13:18 UTC,009Y088CV0V2,8V8029,QUY9LUC,8V8029
0,2025-11-22 20:10:02 UTC,029PUQ9Q9VCV,8V8029,8Y0PGUUV2,8V8029
1,2025-11-19 23:49:35 UTC,029PUYYPY2JG,"Y8GUUVL,8V8029","RGQUQ2L2J,82VG0299",8V8029
4,2025-11-18 01:10:22 UTC,00UPCVQY2CYQ,"Y8GUUVL,8V8029","99JPVC02,CRJU820UU",8V8029
0,2025-11-27 19:56:43 UTC,02PPUC8800JQ,UC228C2CU,VYRV9VVQQ,UC228C2CU
1,2025-11-27 15:34:28 UTC,02PPUJVUV80L,UC228C2CU,20CQCCJVGL,UC228C2CU
2,2025-11-27 05:23:20 UTC,02PPUJJRLG0P,UC228C2CU,VL2VYRUQL,UC228C2CU
3,2025-11-27 05:19:42 UTC,02PPUJJR9QUJ,UC228C2CU,VL80RQUV8,UC228C2CU
4,2025-11-27 05:16:14 UTC,08CPQU8V09RV,UC228C2CU,200RURVPQV,UC228C2CU
5,2025-11-27 04:35:54 UTC,00RPUPCRGGCQ,UC228C2CU,GUJPPYVPY,UC228C2CU
6,2025-11-27 04:32:29 UTC,02PPUJJLQ2YR,UC228C2CU,20VL8UUJQL,UC228C2CU
7,2025-11-27 04:29:33 UTC,02PPUJJLPGG8,UC228C2CU,VYRCV9CY9,UC228C2CU
8,2025-11-27 04:26:42 UTC,02PPUJJL88YL,UC228C2CU,VYRUYVRPJ,UC228C2CU
9,2025-11-26 20:26:02 UTC,08QPQUVYQGJ2,UC228C2CU,208Q0G989R,UC228C2CU
10,2025-11-26 19:55:22 UTC,02PPUJQ9PVG0,UC228C2CU,UUQL2CV2Q,UC228C2CU
11,2025-11-26 17:21:31 UTC,02PPUJYVL28Y,UC228C2CU,200G2JQYVJ,UC228C2CU
12,2025-11-26 16:59:19 UTC,02PPUJYJU9LJ,UC228C2CU,VQ0GUYU0R,UC228C2CU
13,2025-11-26 16:55:58 UTC,02PPUJYJLC8G,UC228C2CU,VYJ0YVGPC,UC228C2CU
14,2025-11-26 05:24:51 UTC,02PPUJ2UYLGV,UC228C2CU,VL2VCUCCC,UC228C2CU
15,2025-11-26 05:21:19 UTC,02PPUJ2U8Q0Y,UC228C2CU,VQ0P80CRL,UC228C2CU
16,2025-11-26 05:17:11 UTC,02PPUJ2CV0LG,UC228C2CU,200GPGRC9C,UC228C2CU
17,2025-11-26 05:13:13 UTC,02PPUJ2CRJLQ,UC228C2CU,RUJJ9YJGC,UC228C2CU
18,2025-11-26 05:10:32 UTC,09C9YPYR982Q,UC228C2CU,20Q8GPCYP2,UC228C2CU
19,2025-11-25 19:40:34 UTC,02PPURU8CGQ9,UC228C2CU,20RQ9PVL8R,UC228C2CU
20,2025-11-25 18:34:50 UTC,02PPURCR8YCV,UC228C2CU,VYRCCY92C,UC228C2CU
21,2025-11-25 17:30:36 UTC,00PY08C00YRC,UC228C2CU,U2JJQ988G,UC228C2CU
22,2025-11-25 17:26:12 UTC,02PPURC228QP,UC228C2CU,20VYVYU2LQ,UC228C2CU
23,2025-11-25 17:23:16 UTC,00PY08JV88G2,UC228C2CU,U2JJQ988G,UC228C2CU
24,2025-11-25 17:15:04 UTC,02PPURJVJG08,UC228C2CU,VYJG0J8YR,UC228C2CU
25,2025-11-25 16:17:06 UTC,00QPUY8QGLGY,UC228C2CU,V9PQLJGV2,UC228C2CU
26,2025-11-25 16:10:09 UTC,02PPURJL0UGY,UC228C2CU,VQ008PRUQ,UC228C2CU
27,2025-11-25 16:06:49 UTC,022PVY8R2YYV,UC228C2CU,JJ08G2P0Q,UC228C2CU
28,2025-11-25 15:54:05 UTC,02PPURJP8ULJ,UC228C2CU,20Y8VPVRPU,UC228C2CU
29,2025-11-25 15:48:25 UTC,02PPURJ9QGYR,UC228C2CU,20VYVYQURC,UC228C2CU
0,2025-11-16 07:58:21 UTC,02PPU9J809LJ,UC228C2CU,UU209VVY0,UC228C2CU
0,2025-11-28 09:52:28 UTC,00CPUL88JGGP,UCUPGLYQY,20C9LCGVY9,UCUPGLYQY
1,2025-11-28 04:48:54 UTC,00CPUL0UQ9Q2,UCUPGLYQY,VYJ2QQJ0Q,UCUPGLYQY
2,2025-11-28 04:45:25 UTC,00CPUL0UPPLG,UCUPGLYQY,VLVC8VL8L,UCUPGLYQY
3,2025-11-28 04:42:33 UTC,00CPUL0U2V2P,UCUPGLYQY,VYJ00Q9UR,UCUPGLYQY
4,2025-11-28 04:39:24 UTC,00CPUL0CV9VV,UCUPGLYQY,VLYVPRQQU,UCUPGLYQY
5,2025-11-28 04:36:05 UTC,00CPUL0CJL02,UCUPGLYQY,VYJ029PVU,UCUPGLYQY
6,2025-11-28 04:33:38 UTC,00CPUL0CGP8V,UCUPGLYQY,200GPYLY8R,UCUPGLYQY
7,2025-11-28 04:30:47 UTC,00CPUL0CYCPU,UCUPGLYQY,VL8JGRPV8,UCUPGLYQY
8,2025-11-28 04:27:35 UTC,00QPULCYCCRP,UCUPGLYQY,URPC9L0QY,UCUPGLYQY
9,2025-11-28 04:23:23 UTC,08QPQVCPYYUP,UCUPGLYQY,YVUR9ULLQ,UCUPGLYQY
10,2025-11-28 04:17:50 UTC,00CPUL0JGLQ0,UCUPGLYQY,VYJ2RG22R,UCUPGLYQY
11,2025-11-28 03:44:46 UTC,00CPUL0GLGYR,UCUPGLYQY,20999Q9GRU,UCUPGLYQY
12,2025-11-28 03:38:48 UTC,00CPUL0G20G8,UCUPGLYQY,20Y8QQYJYG,UCUPGLYQY
13,2025-11-28 03:35:14 UTC,09U9YY9L2Y0L,UCUPGLYQY,20R2R0YR2U,UCUPGLYQY
14,2025-11-27 13:15:26 UTC,0999U0JC90QR,UCUPGLYQY,V92YVURV9,UCUPGLYQY
15,2025-11-27 13:13:37 UTC,00CPUYG8VVJC,UCUPGLYQY,V2JQPVC0G,UCUPGLYQY
16,2025-11-27 13:10:20 UTC,00CPUYG8RCRY,UCUPGLYQY,VYJG9C9CC,UCUPGLYQY
17,2025-11-27 13:06:43 UTC,00CPUYG8Y9CP,UCUPGLYQY,2092ULYCJL,UCUPGLYQY
18,2025-11-27 13:03:22 UTC,00CPUYG822JY,UCUPGLYQY,UYUCLVYLC,UCUPGLYQY
19,2025-11-27 10:19:03 UTC,00CPUYQ9LRJ0,UCUPGLYQY,20YQRU0YGG,UCUPGLYQY
20,2025-11-27 10:17:32 UTC,00CPUYQ9YPR9,UCUPGLYQY,VLCYYCJ2C,UCUPGLYQY
21,2025-11-27 10:15:53 UTC,00CPUYQ99CCQ,UCUPGLYQY,208L9PVQ20,UCUPGLYQY
22,2025-11-27 10:12:24 UTC,0989V2CU2CP8,UCUPGLYQY,YCQP2GUU,UCUPGLYQY
23,2025-11-27 10:11:24 UTC,00UPUYLVUQQ8,UCUPGLYQY,V2VUL0YJU,UCUPGLYQY
24,2025-11-27 09:31:47 UTC,00CPUYQ0QUG9,UCUPGLYQY,VYJ0PLPQ9,UCUPGLYQY
25,2025-11-27 09:28:03 UTC,00CPUYQ0PU9R,UCUPGLYQY,VY820YUQV,UCUPGLYQY
26,2025-11-27 09:23:46 UTC,00CPUYQ02YR2,UCUPGLYQY,VL822C0U8,UCUPGLYQY
27,2025-11-27 04:29:33 UTC,00CPUYYJCJGR,UCUPGLYQY,VL802G898,UCUPGLYQY
28,2025-11-27 04:23:46 UTC,08V9V880P8QC,UCUPGLYQY,Y8JV0PRRQ,UCUPGLYQY
29,2025-11-26 13:06:00 UTC,0989V2P2R8V2,UCUPGLYQY,20GUUGJ2P0,UCUPGLYQY
0,2025-11-22 21:08:51 UTC,002Y088UGVJR,UCUPGLYQY,J9RJC8VQC,UCUPGLYQY
1,2025-11-22 09:11:49 UTC,00CPU8P8YQQQ,UCUPGLYQY,VGG2GC8LV,UCUPGLYQY
2,2025-11-21 18:09:57 UTC,09R9Y0LQVY0C,UCUPGLYQY,VVYVUY0VY,UCUPGLYQY
3,2025-11-21 15:49:58 UTC,088PRVPRPYJV,UCUPGLYQY,VVRL0UYU8,UCUPGLYQY
4,2025-11-20 11:55:51 UTC,00CPU20LLLR9,UCUPGLYQY,VQ9CQ2LJ8,UCUPGLYQY
0,2025-11-24 18:53:55 UTC,089PJ2JRYVJY,209QYJQCR0,VVP9PC9RV,209QYJQCR0
1,2025-11-24 09:30:18 UTC,09G9Y8YRRRR8,209QYJQCR0,VPPJG90VR,209QYJQCR0
2,2025-11-24 04:15:10 UTC,09G9Y8PLRQYL,209QYJQCR0,V88080U9Q,209QYJQCR0
3,2025-11-23 18:12:14 UTC,00RPU8R8GQQP,209QYJQCR0,VP9CPGUGR,209QYJQCR0
4,2025-11-23 18:06:18 UTC,09G9Y80LCG22,209QYJQCR0,RUUP08RPV,209QYJQCR0
5,2025-11-23 18:00:58 UTC,09G9Y80L8YJG,209QYJQCR0,20RPL9VQRL,209QYJQCR0
6,2025-11-23 17:57:48 UTC,09G9Y80YJVY8,209QYJQCR0,YGJUP208Y,209QYJQCR0
7,2025-11-23 17:52:32 UTC,00GPU8P2CL8G,209QYJQCR0,U8UVV8UP0,209QYJQCR0
8,2025-11-23 17:47:57 UTC,09G9Y80PQURV,209QYJQCR0,V92R09G9J,209QYJQCR0
9,2025-11-23 17:44:47 UTC,09G9Y80P8L29,209QYJQCR0,UJRVLRQYY,209QYJQCR0
10,2025-11-23 15:23:56 UTC,09G9Y2V28C0G,209QYJQCR0,20PRJUJVP8,209QYJQCR0
11,2025-11-23 08:18:09 UTC,00QPU9J0RGY9,209QYJQCR0,GJ9R9QYLQ,209QYJQCR0
12,2025-11-23 08:13:45 UTC,09G9Y2JR80JY,209QYJQCR0,UCQP8YYVC,209QYJQCR0
13,2025-11-22 19:34:48 UTC,029PUQ999PGY,209QYJQCR0,V8PCVV8VC,209QYJQCR0
14,2025-11-22 19:31:45 UTC,09G9Y2LPUYL2,209QYJQCR0,2089P0VRUG,209QYJQCR0
15,2025-11-22 19:27:44 UTC,09G9Y2LPYJUJ,209QYJQCR0,202U9CCGLG,209QYJQCR0
16,2025-11-22 19:22:59 UTC,09G9Y2L9CVCP,209QYJQCR0,20YUCV0U0R,209QYJQCR0
17,2025-11-22 19:19:50 UTC,09G9Y2L9LCL8,209QYJQCR0,J9PRPLP2Q,209QYJQCR0
18,2025-11-22 19:16:40 UTC,02VPJ9VPGJQ8,209QYJQCR0,VC02GC0YV,209QYJQCR0
19,2025-11-22 19:12:45 UTC,000Y00YJUL20,209QYJQCR0,UVYU9CCPP,209QYJQCR0
20,2025-11-22 11:45:44 UTC,029PULVPU8G2,"209QYJQCR0,9JJGLJV","9CG9P99P9,9JY0080GY",209QYJQCR0
21,2025-11-22 11:42:30 UTC,029PULVPGL0C,"209QYJQCR0,9JJGLJV","8Q9RL8YC,8929LLGR",209QYJQCR0
22,2025-11-22 11:38:54 UTC,09G9Y28GCPVU,"9JJGLJV,209QYJQCR0","RP0G2VQR,RGQRRQ8C",209QYJQCR0
23,2025-11-22 11:35:37 UTC,09G9Y28GQCQQ,"9JJGLJV,209QYJQCR0","LU98UVUQR,CPJ9QV0Y9",209QYJQCR0
24,2025-11-22 11:31:06 UTC,02JPCY09UVYJ,"9JJGLJV,209QYJQCR0","UV2QYJ9QQ,8G9GQRRJ0",209QYJQCR0
25,2025-11-22 11:27:53 UTC,09G9Y28QVLVC,"9JJGLJV,209QYJQCR0","2GJGPRGUR,YQQJPYP99",209QYJQCR0
26,2025-11-22 11:23:56 UTC,09G9Y28QRPCC,"9JJGLJV,209QYJQCR0","8C9PQCP00,2UPC09LUG",209QYJQCR0
27,2025-11-22 11:17:40 UTC,020PU2Q90LV2,"9JJGLJV,209QYJQCR0","P20CQQVC8,PG0Q8G020",209QYJQCR0
28,2025-11-22 11:12:39 UTC,00VPU8PQPCQ9,"9JJGLJV,209QYJQCR0","PP8YR8098,GCPG8LPV",209QYJQCR0
29,2025-11-22 11:08:09 UTC,08U9UVYJV8L2,"9JJGLJV,209QYJQCR0","P0GCJP9JR,LYULJCQRL",209QYJQCR0
0,2025-11-26 10:42:14 UTC,02YPUJ20L9C8,2RUCCGGQ2,J8Y8YVVQ8,2RUCCGGQ2
1,2025-11-26 10:39:53 UTC,02YPUJ209VGU,2RUCCGGQ2,2CL9PYVCU,2RUCCGGQ2
2,2025-11-25 21:43:50 UTC,02YPURC0RVYG,2RUCCGGQ2,GYP9UUL8,2RUCCGGQ2
3,2025-11-25 21:39:59 UTC,00VPUPG9GYQU,2RUCCGGQ2,8PP0GPVQ,2RUCCGGQ2
4,2025-11-25 21:34:42 UTC,082PJLY9C8R8,2RUCCGGQ2,YVYV8UP99,2RUCCGGQ2
5,2025-11-25 21:29:15 UTC,02YPURJV2VL2,2RUCCGGQ2,Q8YVPLJYG,2RUCCGGQ2
6,2025-11-25 21:23:57 UTC,08GPQJ02QRLV,2RUCCGGQ2,VL0GU90PP,2RUCCGGQ2
7,2025-11-25 21:20:07 UTC,009Y0P8PJQU8,2RUCCGGQ2,22YUUYGYY,2RUCCGGQ2
8,2025-11-25 21:16:50 UTC,02VPJYV0R098,2RUCCGGQ2,GG2GY0PGC,2RUCCGGQ2
9,2025-11-25 21:13:30 UTC,02YPURJCYC0C,2RUCCGGQ2,JCJ080R9G,2RUCCGGQ2
10,2025-11-25 21:12:08 UTC,08U9V2GJU20R,2RUCCGGQ2,VGUUYUURJ,2RUCCGGQ2
11,2025-11-25 21:07:43 UTC,02YPURJJJRQJ,2RUCCGGQ2,YV0CPGJP,2RUCCGGQ2
12,2025-11-25 19:50:28 UTC,02YPURJ80P00,2RUCCGGQ2,9GQYR0U0,2RUCCGGQ2
13,2025-11-25 19:48:53 UTC,09R9Y900PYCJ,2RUCCGGQ2,8UCRLRPU9,2RUCCGGQ2
14,2025-11-25 19:43:37 UTC,02YPURJ28CVR,2RUCCGGQ2,8PGPVUU22,2RUCCGGQ2
15,2025-11-25 19:40:22 UTC,02YPURJ0CQYJ,2RUCCGGQ2,9LRCP9UVY,2RUCCGGQ2
16,2025-11-25 19:35:42 UTC,02YPURJ09UUC,2RUCCGGQ2,2RQ9RRCUJ,2RUCCGGQ2
17,2025-11-25 19:32:27 UTC,02PPURU2UQ2U,2RUCCGGQ2,8U22V9V0L,2RUCCGGQ2
18,2025-11-25 19:27:25 UTC,0929V2VGCL88,2RUCCGGQ2,9UUL8922,2RUCCGGQ2
19,2025-11-25 19:22:57 UTC,02YPURRUC8PC,2RUCCGGQ2,VQ0GCCR2R,2RUCCGGQ2
20,2025-11-25 19:19:26 UTC,02YPURRUYQL0,2RUCCGGQ2,200R0YCQY2,2RUCCGGQ2
21,2025-11-25 19:15:29 UTC,02YPURRCV88V,2RUCCGGQ2,VYRCVJUGL,2RUCCGGQ2
22,2025-11-25 19:10:30 UTC,02LPCYRQ8Y8R,2RUCCGGQ2,289GCLVLU,2RUCCGGQ2
23,2025-11-25 19:05:14 UTC,080PJLL0RY8J,2RUCCGGQ2,2JPR28CYJ,2RUCCGGQ2
24,2025-11-25 19:02:03 UTC,02YPURRJYLLJ,2RUCCGGQ2,2JLR2PG0,2RUCCGGQ2
25,2025-11-25 18:58:32 UTC,02CPJPYRL0LR,2RUCCGGQ2,RRUV0J2PV,2RUCCGGQ2
26,2025-11-25 18:51:19 UTC,02YPURRR2RUY,2RUCCGGQ2,2PYGL9RQ0,2RUCCGGQ2
27,2025-11-25 18:46:36 UTC,00QPUY9C82CU,2RUCCGGQ2,RVJQU0GQ,2RUCCGGQ2
28,2025-11-25 18:38:51 UTC,00QPUY9J9880,2RUCCGGQ2,CR2RYLPV2,2RUCCGGQ2
29,2025-11-25 18:33:53 UTC,080PJLYJVR8P,2RUCCGGQ2,P902PUU,2RUCCGGQ2
0,2025-11-20 12:42:24 UTC,02YPUL8VVPUL,2RUCCGGQ2,VPVG0LYU2,2RUCCGGQ2
1,2025-11-20 12:39:22 UTC,02YPUL8VR92Y,2RUCCGGQ2,VPVVR8Q0J,2RUCCGGQ2
2,2025-11-20 10:22:02 UTC,009Y00QLG98L,2RUCCGGQ2,9YV89PRV,2RUCCGGQ2
3,2025-11-20 10:19:38 UTC,02YPUL88J09R,2RUCCGGQ2,VYRYC8GUJ,2RUCCGGQ2
4,2025-11-20 10:16:12 UTC,09U9Y0YVCPG0,2RUCCGGQ2,RJ0RYPG0L,2RUCCGGQ2
5,2025-11-20 10:13:03 UTC,000PVUC0YR8R,2RUCCGGQ2,28VQYQ8VJ,2RUCCGGQ2
6,2025-11-19 19:20:21 UTC,02YPUYC9CJ09,2RUCCGGQ2,8C0YRVRG,2RUCCGGQ2
7,2025-11-19 18:20:59 UTC,02YPUYJCP9YV,2RUCCGGQ2,20GJL0LCV8,2RUCCGGQ2
8,2025-11-19 18:17:49 UTC,02YPUYJJVYUP,2RUCCGGQ2,VPUPQQ02G,2RUCCGGQ2
9,2025-11-19 18:14:40 UTC,02YPUYJJGG0U,2RUCCGGQ2,VPL2RRGRL,2RUCCGGQ2
0,2025-11-19 18:12:02 UTC,00LPU2LJ2RUV,2RUCCGGQ2,2QPJJ8L88,2RUCCGGQ2
1,2025-11-19 18:08:48 UTC,02YPUYJRVG22,2RUCCGGQ2,VL2UUPL88,2RUCCGGQ2
2,2025-11-19 18:05:39 UTC,02YPUYJRGJCG,2RUCCGGQ2,LY022R2U,2RUCCGGQ2
3,2025-11-19 18:02:30 UTC,02YPUYJRP08J,2RUCCGGQ2,VY2PL0VQV,2RUCCGGQ2
4,2025-11-19 17:58:49 UTC,02YPUYJGUYV9,2RUCCGGQ2,20JQPGJ0P2,2RUCCGGQ2
5,2025-11-19 17:55:20 UTC,02YPUYJGQ0JV,2RUCCGGQ2,20YG9V9V2C,2RUCCGGQ2
6,2025-11-19 17:11:03 UTC,02YPUYJ9QUGP,2RUCCGGQ2,VPYV29JRQ,2RUCCGGQ2
7,2025-11-19 17:08:49 UTC,02YPUYJ9PYR0,2RUCCGGQ2,VL899LUY0,2RUCCGGQ2
8,2025-11-19 17:03:42 UTC,02YPUYJ8JPR2,2RUCCGGQ2,VVP8CLGVY,2RUCCGGQ2
9,2025-11-19 16:11:03 UTC,08LPRJVYRRJ2,2RUCCGGQ2,92LYPCUQG,2RUCCGGQ2
0,2025-11-19 16:08:47 UTC,02YPUYRJQR28,2RUCCGGQ2,20J9RJ99GY,2RUCCGGQ2
1,2025-11-19 16:05:42 UTC,02YPUYRJ8U9C,2RUCCGGQ2,Q8JJ2LRJ9,2RUCCGGQ2
2,2025-11-19 16:00:35 UTC,02YPUYRRR8GP,2RUCCGGQ2,VPYRYJVGJ,2RUCCGGQ2
3,2025-11-19 15:57:08 UTC,02YPUYRR9CPY,2RUCCGGQ2,20U2YJCR8L,2RUCCGGQ2
4,2025-11-19 15:53:47 UTC,02YPUYRGUL9L,2RUCCGGQ2,VV9VJJ88Q,2RUCCGGQ2
5,2025-11-19 15:50:38 UTC,02YPUYRGQQY8,2RUCCGGQ2,PG022928V,2RUCCGGQ2
6,2025-11-19 15:46:25 UTC,02QPC892VCYL,2RUCCGGQ2,PYLRJUCRC,2RUCCGGQ2
7,2025-11-19 15:43:16 UTC,02YPUYRQRJGV,2RUCCGGQ2,Q28CCU2LR,2RUCCGGQ2
8,2025-11-19 15:38:18 UTC,00PPVUC8C8RC,2RUCCGGQ2,R9VGRRJJG,2RUCCGGQ2
9,2025-11-19 15:35:07 UTC,02YPUYRLJVQP,2RUCCGGQ2,20G8V9VL9G,2RUCCGGQ2
0,2025-11-16 08:32:45 UTC,02JPC22PLQYG,2RUCCGGQ2,P9YJRLY8,2RUCCGGQ2
1,2025-11-16 08:27:29 UTC,02YPU9QVRGQY,2RUCCGGQ2,YRUY8UYC2,2RUCCGGQ2
2,2025-11-16 08:24:18 UTC,02YPU9QVQ8YJ,2RUCCGGQ2,20Y2CC0LGU,2RUCCGGQ2
3,2025-11-16 08:19:24 UTC,02CPRUP2JRYJ,2RUCCGGQ2,Y82VPLUV9,2RUCCGGQ2
4,2025-11-16 08:14:07 UTC,02YPU9QUVYYQ,2RUCCGGQ2,VY00YR9GY,2RUCCGGQ2
5,2025-11-16 08:10:33 UTC,02YPU9QUJGUG,2RUCCGGQ2,UJR92CVLQ,2RUCCGGQ2
6,2025-11-16 08:07:49 UTC,02YPU9QUGQCY,2RUCCGGQ2,VPQGCUP,2RUCCGGQ2
7,2025-11-15 13:25:48 UTC,02YPU90PYJYG,2RUCCGGQ2,8292V2RCQ,2RUCCGGQ2
8,2025-11-15 13:22:55 UTC,088PRRYY8GUJ,2RUCCGGQ2,LY8P2CVUJ,2RUCCGGQ2
9,2025-11-15 13:18:26 UTC,0929URYJ2G9V,2RUCCGGQ2,2C809JUC2,2RUCCGGQ2
0,2025-11-15 13:14:37 UTC,09Y9CQPGYUGQ,2RUCCGGQ2,YL8QQ8QYV,2RUCCGGQ2
1,2025-11-15 13:11:14 UTC,08RPQY0Y2GQ9,2RUCCGGQ2,Q9RL8GG8R,2RUCCGGQ2
2,2025-11-15 13:07:43 UTC,02UPRU2R0LYL,2RUCCGGQ2,URVPVVL2U,2RUCCGGQ2
3,2025-11-15 13:02:27 UTC,02YPU90829C9,2RUCCGGQ2,VY82JLJJQ,2RUCCGGQ2
4,2025-11-15 12:59:16 UTC,02YPU902JVR0,2RUCCGGQ2,J8R8QY2Q9,2RUCCGGQ2
5,2025-11-15 12:54:00 UTC,02YPU9029U8V,2RUCCGGQ2,20U2C08CGY,2RUCCGGQ2
6,2025-11-15 12:47:09 UTC,02YPU900GRCR,2RUCCGGQ2,QVRV8JJC,2RUCCGGQ2
7,2025-11-14 12:55:34 UTC,02YPU8PCL80P,2RUCCGGQ2,PRP00LJJV,2RUCCGGQ2
8,2025-11-14 12:52:40 UTC,0989UQRG0LGC,2RUCCGGQ2,200PPYY00,2RUCCGGQ2
9,2025-11-14 12:48:14 UTC,02LPJUYY82YC,2RUCCGGQ2,PY20P02YJ,2RUCCGGQ2
0,2025-11-14 12:43:40 UTC,02YPU8PJ9P9J,2RUCCGGQ2,VPYGRVJ9U,2RUCCGGQ2
1,2025-11-14 12:38:57 UTC,02YPU8PRJC8R,2RUCCGGQ2,800VLUCPU,2RUCCGGQ2
2,2025-11-13 20:16:08 UTC,02LPJCVVVR22,2RUCCGGQ2,9Y9PVRYP0,2RUCCGGQ2
3,2025-11-13 20:11:33 UTC,02YPU2VP8JYR,2RUCCGGQ2,VYCQQQ0P9,2RUCCGGQ2
4,2025-11-13 20:08:12 UTC,09R9PRGYLQYR,2RUCCGGQ2,9PCLP8PG9,2RUCCGGQ2
5,2025-11-13 20:05:01 UTC,02YPU2V9LJGY,2RUCCGGQ2,LL0JV9P,2RUCCGGQ2
7,2025-11-13 19:56:03 UTC,02YPU2V8LVC0,2RUCCGGQ2,U89QGRJUR,2RUCCGGQ2
8,2025-11-13 19:52:54 UTC,089PRGRCLUCR,2RUCCGGQ2,8RR99JU9Y,2RUCCGGQ2
9,2025-11-13 19:47:55 UTC,02YPU2V2GLJ2,2RUCCGGQ2,V9LQJ8JYV,2RUCCGGQ2
0,2025-11-25 15:07:47 UTC,09G9Y92JPPQG,RG09JYU90,L2GGQLJPU,RG09JYU90
0,2025-11-18 16:02:31 UTC,09G9PUCCC0VV,RG09JYU90,PUU8RRU2L,RG09JYU90
1,2025-11-18 15:36:39 UTC,09G9PUCGUVRJ,RG09JYU90,QPQP8VYJ2,RG09JYU90
2,2025-11-18 15:07:21 UTC,08U9UJVJCU2P,RG09JYU90,YYLPLUG,RG09JYU90
3,2025-11-17 19:23:42 UTC,008PVCU22PRL,RG09JYU90,U2UQVQRCU,RG09JYU90
4,2025-11-17 08:54:02 UTC,029PU9R22Y02,RG09JYU90,CP2LR0JLY,RG09JYU90
5,2025-11-17 08:29:38 UTC,09G9PU0LR8R0,RG09JYU90,8CLYLVYP0,RG09JYU90
6,2025-11-16 16:20:35 UTC,09G9PCGJQ9JL,RG09JYU90,92UY0Q9J,RG09JYU90
8,2025-11-14 18:44:42 UTC,09G9PJLPUU9G,RG09JYU90,QP2R9P8LU,RG09JYU90
9,2024-11-12 08:32:17 UTC,09Y999UV0V2P,"QJ28CR8QV,RG09JYU90","JCLGUCP,Y9R22RQ2",RG09JYU90
0,2024-05-16 15:12:50 UTC,09G8R0RRV2LR,RG09JYU90,2CYPC98JQ,RG09JYU90
0,2025-11-28 05:31:11 UTC,089PJ9VJC9PG,QJ28CR8QV,QRRQJULYC,QJ28CR8QV
1,2025-11-28 05:24:49 UTC,089PJ9VJYVUL,QJ28CR8QV,JY0G8P9YG,QJ28CR8QV
2,2025-11-28 05:21:21 UTC,08JPQVCCVGJG,QJ28CR8QV,98YUPJR0,QJ28CR8QV
3,2025-11-27 16:09:47 UTC,02QPCQY09UJJ,QJ28CR8QV,J8YJY0QQQ,QJ28CR8QV
4,2025-11-27 16:04:22 UTC,020PUPCVVRPR,QJ28CR8QV,GLQLVGYU8,QJ28CR8QV
5,2025-11-27 05:18:50 UTC,082PJQ8CRYUU,QJ28CR8QV,2C9G0GLRQ,QJ28CR8QV
6,2025-11-26 09:49:32 UTC,089PJ8JV992J,QJ28CR8QV,2029L08Q,QJ28CR8QV
7,2025-11-26 05:28:50 UTC,089PJ8RV2JCY,QJ28CR8QV,JGJJCUGQV,QJ28CR8QV
8,2025-11-26 05:25:39 UTC,00UPUPJVCRJR,QJ28CR8QV,2PRQ9R9L,QJ28CR8QV
9,2025-11-26 05:21:31 UTC,00PY092C8Q89,QJ28CR8QV,YPUVJUYJP,QJ28CR8QV
10,2025-11-25 15:33:31 UTC,08PPJ2JCYRRL,QJ28CR8QV,PUP8GGRPP,QJ28CR8QV
0,2025-11-22 14:59:15 UTC,089PJ0Y28JY2,QJ28CR8QV,9GCQRP9RQ,QJ28CR8QV
1,2025-11-22 12:30:50 UTC,00CPU8Y9GG2C,QJ28CR8QV,PYLG2L0U9,QJ28CR8QV
2,2025-11-22 12:25:24 UTC,080PJP9UYURQ,QJ28CR8QV,9GVJYY8UP,QJ28CR8QV
3,2025-11-21 17:27:50 UTC,08YPRVUGVVLP,QJ28CR8QV,PU82PLYLR,QJ28CR8QV
4,2025-11-21 17:08:05 UTC,082PJ9GJP0C8,QJ28CR8QV,RL0LV000V,QJ28CR8QV
5,2025-11-21 16:48:31 UTC,02UPJ82Y90CU,QJ28CR8QV,VJVL0QRUL,QJ28CR8QV
6,2025-11-21 16:35:23 UTC,089PRVJYVP8U,QJ28CR8QV,2PG9YGGLJ,QJ28CR8QV
7,2025-11-16 17:18:12 UTC,09Q9CG88PCUP,QJ28CR8QV,GGLGP29QC,QJ28CR8QV
8,2025-07-07 10:30:11 UTC,089PPR0P9RP9,QJ28CR8QV,U2R22P2L,QJ28CR8QV
9,2024-11-12 08:32:17 UTC,09Y999UV0V2P,"QJ28CR8QV,RG09JYU90","JCLGUCP,Y9R22RQ2",QJ28CR8QV
0,2025-11-25 15:03:37 UTC,02RPCQPJL2R9,889YC9CUC,9QYYGYR2,889YC9CUC
1,2025-11-25 14:56:40 UTC,02RPCQPRRQCY,889YC9CUC,GVC0VCGU,889YC9CUC
2,2025-11-25 14:53:27 UTC,02RPCQPRPRY8,889YC9CUC,2QPC2C8G9,889YC9CUC
3,2025-11-25 14:49:44 UTC,09Q9CVJL8VJC,889YC9CUC,LP8PPR2UV,889YC9CUC
4,2025-11-25 14:46:15 UTC,02RPCQPGQRJC,889YC9CUC,9PQL20LR,889YC9CUC
5,2025-11-25 14:41:17 UTC,02RPCQPG080Q,889YC9CUC,J2Q9R2Y9,889YC9CUC
6,2025-11-25 14:37:54 UTC,020PU9QQLCRP,889YC9CUC,PCL082P8J,889YC9CUC
7,2025-11-25 14:34:33 UTC,02RPCQPQP0LQ,889YC9CUC,8L8U9PYPG,889YC9CUC
8,2025-11-25 13:16:07 UTC,02RPCQ9V88UP,889YC9CUC,9J2JP9G,889YC9CUC
9,2025-11-25 13:13:15 UTC,00VPUPP89LQG,889YC9CUC,8ULQC8JCC,889YC9CUC
10,2025-11-25 13:08:23 UTC,02RPCQ9UYRJL,889YC9CUC,CUY2VVCGG,889YC9CUC
11,2025-11-25 13:04:39 UTC,022PVY29PQ0R,889YC9CUC,JU0YJGPPQ,889YC9CUC
12,2025-11-25 13:00:42 UTC,02RPCQ9CRQ2R,889YC9CUC,QUGYLPQ9Y,889YC9CUC
13,2025-11-25 12:55:44 UTC,02RPCQ9C8VG9,889YC9CUC,2RGRL0QR,889YC9CUC
14,2025-11-25 12:52:01 UTC,00CPUPPP8LVC,889YC9CUC,8J222QRR,889YC9CUC
15,2025-11-25 12:49:05 UTC,02RPCQ9JG8VY,889YC9CUC,2LQPLLV8V,889YC9CUC
16,2025-11-24 17:56:03 UTC,00VPU9C92R2Q,889YC9CUC,GYUYUR8QC,889YC9CUC
17,2025-11-24 17:47:35 UTC,00RPU999U22V,889YC9CUC,U9U2YYCL2,889YC9CUC
18,2025-11-24 07:36:19 UTC,00JPUPR02GUP,889YC9CUC,GV0C0CLQG,889YC9CUC
19,2025-11-24 07:32:56 UTC,02RPCLQC2QYV,889YC9CUC,29QJLYLJ2,889YC9CUC
20,2025-11-24 07:28:41 UTC,02RPCLQJU9YC,889YC9CUC,JUY9CQPR0,889YC9CUC
21,2025-11-24 07:25:50 UTC,02RPCLQJJ0GY,889YC9CUC,9JV8UR9JR,889YC9CUC
22,2025-11-23 13:47:49 UTC,02RPCL0GRGQJ,889YC9CUC,VLQQ9Y0RU,889YC9CUC
23,2025-11-23 13:44:33 UTC,00QPU9CC2RC0,889YC9CUC,YVCQ009V,889YC9CUC
24,2025-11-23 13:40:48 UTC,00JPUP2JL2RJ,889YC9CUC,Q8YG09UG8,889YC9CUC
25,2025-11-22 16:34:29 UTC,082PJP9V8Y0Q,889YC9CUC,RQQ8209VC,889YC9CUC
26,2025-11-22 16:29:45 UTC,08GPQQV8CY28,889YC9CUC,8LPQUV8P,889YC9CUC
27,2025-11-22 16:26:16 UTC,002Y080LYCG2,889YC9CUC,U0UPPGQ8R,889YC9CUC
28,2025-11-22 16:22:04 UTC,02RPCYLR98YU,889YC9CUC,ULCUCPJVG,889YC9CUC
29,2025-11-22 16:17:08 UTC,02UPJ8JG0LCY,889YC9CUC,9U08CUR8J,889YC9CUC
0,2025-11-27 10:26:11 UTC,022PVLP9PY9R,QU89P90RR,UVU8QG9Y8,QU89P90RR
1,2025-11-27 10:23:10 UTC,022PVLP92Q9V,QU89P90RR,QLPYU2LVV,QU89P90RR
2,2025-11-27 10:19:58 UTC,022PVLP8UQ9Q,QU89P90RR,88LVGR0Y0,QU89P90RR
3,2025-11-27 10:14:38 UTC,088PJ90J2R9J,QU89P90RR,JQJ9UYP2G,QU89P90RR
4,2025-11-27 10:09:42 UTC,022PVLP898YV,QU89P90RR,JQ2QGGR89,QU89P90RR
5,2025-11-27 10:06:47 UTC,022PVLP80GC2,QU89P90RR,GQJC8Y0VQ,QU89P90RR
6,2025-11-27 10:03:24 UTC,02GPCGQCQJP8,QU89P90RR,JQ9YGL0CU,QU89P90RR
7,2025-11-27 10:01:17 UTC,00YPUPCCU2CR,QU89P90RR,8Q0LPJQGR,QU89P90RR
8,2025-11-27 09:58:52 UTC,022PVLP2QJ2U,QU89P90RR,200G2C8LRL,QU89P90RR
9,2025-11-27 09:55:42 UTC,082PJQP08YP9,QU89P90RR,Q0RPY2C,QU89P90RR
10,2025-11-27 09:51:18 UTC,08CPQUP22LGG,QU89P90RR,L902G8Y09,QU89P90RR
11,2025-11-26 16:44:38 UTC,022PVYCUJ0RJ,QU89P90RR,VQPUGY8QV,QU89P90RR
12,2025-11-26 16:41:18 UTC,022PVYCUPG2J,QU89P90RR,VYJ0GJ0LQ,QU89P90RR
13,2025-11-26 16:36:33 UTC,022PVYCCJJPG,QU89P90RR,20RQ9PJ8LR,QU89P90RR
14,2025-11-26 16:33:29 UTC,08PPJ8L8VJRJ,QU89P90RR,2JURV8CJG,QU89P90RR
15,2025-11-26 08:04:50 UTC,022PVYGCQVVV,QU89P90RR,Q8GRJ0PG,QU89P90RR
16,2025-11-25 19:43:19 UTC,08U9V2G0VU28,QU89P90RR,J9LCC8GY8,QU89P90RR
17,2025-11-25 19:38:24 UTC,022PVYPYVQLV,QU89P90RR,JPQ8LCP,QU89P90RR
18,2025-11-25 19:35:03 UTC,022PVYPYG29V,QU89P90RR,8JLCQ2QQ2,QU89P90RR
19,2025-11-25 19:33:56 UTC,022PVYPYL9U8,QU89P90RR,9GGLP9PLL,QU89P90RR
20,2025-11-25 19:27:43 UTC,00GPU9GY9PY0,QU89P90RR,YVPQC9YVL,QU89P90RR
21,2025-11-25 19:24:21 UTC,022PVYPPPJQR,QU89P90RR,PC88CU08Y,QU89P90RR
22,2025-11-25 19:21:05 UTC,022PVYP9VYYR,QU89P90RR,CCGLQRVQC,QU89P90RR
23,2025-11-25 19:16:53 UTC,09C9YP80QLLC,QU89P90RR,PYV2GVPUY,QU89P90RR
24,2025-11-25 19:13:35 UTC,022PVYP9282V,QU89P90RR,2CGY9RVCC,QU89P90RR
25,2025-11-25 19:09:27 UTC,02UPJPJCC0J0,QU89P90RR,R829PPLRP,QU89P90RR
26,2025-11-25 19:06:09 UTC,002Y0P0C0QYU,QU89P90RR,9VVR0J2QC,QU89P90RR
27,2025-11-25 19:04:17 UTC,08V9V29JYVV2,QU89P90RR,V20YVJ0Y9,QU89P90RR
28,2025-11-25 19:02:30 UTC,022PVYP2C8C9,QU89P90RR,QVGPYV0GU,QU89P90RR
29,2025-11-25 19:00:13 UTC,022PVYP2QQ28,QU89P90RR,PCVVGLP8P,QU89P90RR
0,2025-11-25 17:44:26 UTC,08YPJ8Q2U0QJ,QU89P90RR,CL9JGQQVQ,QU89P90RR
0,2025-11-27 16:55:21 UTC,08QPQVLL9JRL,Y0RP098UC,2080LGGC9R,Y0RP098UC
1,2025-11-27 16:53:37 UTC,08LPJ82JU0V8,Y0RP098UC,R28PVRGP8,Y0RP098UC
2,2025-11-25 21:42:35 UTC,08GPQJ09QYUJ,Y0RP098UC,R0JPQUQJ,Y0RP098UC
3,2025-11-25 21:38:52 UTC,02JPCQ9CY9GV,Y0RP098UC,UUL80V99J,Y0RP098UC
4,2025-11-25 21:02:31 UTC,009Y0P88JPRQ,Y0RP098UC,UPVCQVYRR,Y0RP098UC
5,2025-11-25 20:58:34 UTC,08QPQUPCJ2JC,Y0RP098UC,YC2YVRRVL,Y0RP098UC
6,2025-11-25 18:05:43 UTC,08QPQU9L0VUP,Y0RP098UC,8U808RUVG,Y0RP098UC
7,2025-11-25 17:54:01 UTC,08QPQU9PJ2YG,Y0RP098UC,9YCPRUJQG,Y0RP098UC
8,2025-11-25 17:45:33 UTC,09L9U0PC8LY8,Y0RP098UC,VRGRGR9J0,Y0RP098UC
9,2025-11-25 17:42:07 UTC,09R9Y8V0PCU8,Y0RP098UC,VPYVLGQ2R,Y0RP098UC
10,2025-11-25 15:36:55 UTC,089PJ8P90JLJ,Y0RP098UC,LV9P0UCYV,Y0RP098UC
11,2025-11-25 15:33:58 UTC,08QPQU88L0YR,Y0RP098UC,QC0PJ8P,Y0RP098UC
12,2025-11-25 15:29:03 UTC,00UPUPY8VPYQ,Y0RP098UC,Q9RYPL2JU,Y0RP098UC
13,2025-11-25 15:19:33 UTC,08QPQU80JVCJ,Y0RP098UC,2QLC8GYUL,Y0RP098UC
14,2025-11-25 15:16:29 UTC,08QPQU80L8QU,Y0RP098UC,PLRV2UCLQ,Y0RP098UC
15,2025-11-25 08:15:28 UTC,020PU9YPYL99,Y0RP098UC,Y2GQJVG,Y0RP098UC
16,2025-11-25 07:48:24 UTC,08QPQCVYURQ2,Y0RP098UC,209P800Y2R,Y0RP098UC
17,2025-11-25 07:36:04 UTC,08QPQCVY8P2L,Y0RP098UC,VQYJULQ98,Y0RP098UC
18,2025-11-25 07:32:59 UTC,08JPQCVJ090J,Y0RP098UC,RUYRJ0GY0,Y0RP098UC
19,2025-11-25 07:27:51 UTC,08QPQCVPRQLC,Y0RP098UC,UG8QUVVQ8,Y0RP098UC
20,2025-11-25 06:36:38 UTC,08QPQCV2GPPJ,Y0RP098UC,VQUJQYGVC,Y0RP098UC
21,2025-11-24 22:49:38 UTC,00QPUPJQVYYU,Y0RP098UC,U8Y8CJJR2,Y0RP098UC
22,2025-11-24 22:45:53 UTC,029PUGGPQJPG,Y0RP098UC,RLLGRUU2,Y0RP098UC
23,2025-11-24 22:42:18 UTC,02LPCY80GRG8,Y0RP098UC,9YLY2Q82L,Y0RP098UC
24,2025-11-24 18:08:28 UTC,08QPQCGPQG2C,Y0RP098UC,RV228YUC9,Y0RP098UC
25,2025-11-24 18:04:15 UTC,08QPQCGP0U8R,Y0RP098UC,8UVRJGVJR,Y0RP098UC
26,2025-11-24 18:00:55 UTC,08QPQCG9RR0G,Y0RP098UC,2QLGRGGP,Y0RP098UC
27,2025-11-24 17:55:49 UTC,08QPQCG92YLL,Y0RP098UC,CJ2RRVCCV,Y0RP098UC
29,2025-11-24 16:36:46 UTC,08QPQCQG0VQV,Y0RP098UC,20CG0CRVJ0,Y0RP098UC
0,2025-11-13 22:30:31 UTC,08QPQPRUUG2Y,Y0RP098UC,VVP9290VV,Y0RP098UC
1,2025-11-13 22:27:22 UTC,08QPQPRUG8L2,Y0RP098UC,UYR08YC9P,Y0RP098UC
2,2025-11-13 22:23:57 UTC,08QPQPRU9L8C,Y0RP098UC,P2YU8JRU,Y0RP098UC
3,2025-11-13 22:19:20 UTC,08QPQPRCJVUR,Y0RP098UC,20J9JPR8QG,Y0RP098UC
4,2025-11-13 22:15:56 UTC,08QPQPRCL9GR,Y0RP098UC,209V80C0V9,Y0RP098UC
5,2025-11-13 22:12:14 UTC,08QPQPRC228R,Y0RP098UC,VVP0JC2YG,Y0RP098UC
6,2025-11-13 22:07:48 UTC,09J9PC2QLLLU,Y0RP098UC,PLR9YRPGU,Y0RP098UC
0,2025-11-27 18:06:09 UTC,00YPUY28YJR8,YLRQG0RPR,VYRV88Q00,YLRQG0RPR
1,2025-11-27 05:34:32 UTC,09U9YPRP8YUR,YLRQG0RPR,VJPGR2LL8,YLRQG0RPR
2,2025-11-27 05:31:09 UTC,09U9YPR9VC9J,YLRQG0RPR,VJPGR2LL8,YLRQG0RPR
3,2025-11-26 20:11:03 UTC,00YPUPQYPVV8,YLRQG0RPR,20RQ9VQVRG,YLRQG0RPR
4,2025-11-25 17:15:55 UTC,029PUR0U2LPV,YLRQG0RPR,CCLCQRULY,YLRQG0RPR
5,2025-11-25 17:12:05 UTC,00YPU9C0YRLL,YLRQG0RPR,9022UQRYR,YLRQG0RPR
6,2025-11-25 17:08:49 UTC,00YPU9C00PYP,YLRQG0RPR,VLVJCCYCV,YLRQG0RPR
7,2025-11-25 05:45:55 UTC,00YPU9LUGQ22,YLRQG0RPR,VYRCJL0V0,YLRQG0RPR
11,2025-11-21 20:26:08 UTC,00YPU2PLPCJL,YLRQG0RPR,VL9PR280Q,YLRQG0RPR
14,2025-11-20 05:32:22 UTC,00YPU09Q8RQU,YLRQG0RPR,VPYC0U80L,YLRQG0RPR
20,2025-11-17 05:20:19 UTC,00YPCUPCYYVU,YLRQG0RPR,VPYJVYQY0,YLRQG0RPR
25,2025-11-14 08:57:28 UTC,00YPCJLPJY2Q,YLRQG0RPR,VPU0UCLVC,YLRQG0RPR
29,2025-11-10 21:07:32 UTC,00YPCGPRRRU9,YLRQG0RPR,VL2RVUC80,YLRQG0RPR
0,2025-11-27 05:34:32 UTC,09U9YPRP8YUR,VJPGR2LL8,YLRQG0RPR,VJPGR2LL8
1,2025-11-27 05:31:09 UTC,09U9YPR9VC9J,VJPGR2LL8,YLRQG0RPR,VJPGR2LL8
2,2025-11-21 14:23:21 UTC,09U9Y2889G92,VJPGR2LL8,20Y9QL9VYP,VJPGR2LL8
3,2025-11-21 14:19:15 UTC,09U9Y282CLGU,VJPGR2LL8,20Y2JRG90R,VJPGR2LL8
7,2025-11-17 04:52:06 UTC,09U9PUQ9J08Y,VJPGR2LL8,209UGQ0LJC,VJPGR2LL8
8,2025-11-16 10:02:26 UTC,09U9PCVVP9VP,VJPGR2LL8,VPQUCCP89,VJPGR2LL8
0,2025-10-20 18:50:49 UTC,02QPRJR9YLUJ,C089RQGPY,VP28CPVRG,C089RQGPY
1,2025-10-20 18:43:19 UTC,02QPRJR8YJUU,C089RQGPY,20QJYUPJRU,C089RQGPY
2,2025-10-20 18:39:31 UTC,02QPRJR2UCC8,C089RQGPY,20RCPGRC0G,C089RQGPY
3,2025-10-18 20:06:34 UTC,02QPRRYQR9UC,C089RQGPY,VYR9JJ28L,C089RQGPY
0,2025-11-25 05:29:50 UTC,09U9Y9L8RVP8,20LV9UC0UL,20CQC8UQ99,20LV9UC0UL
1,2025-11-24 05:31:15 UTC,09U9Y8U9QJCL,20LV9UC0UL,9JUUGQYYL,20LV9UC0UL
2,2025-11-24 05:28:34 UTC,000Y02PUCRCY,20LV9UC0UL,LVRVPQ0JU,20LV9UC0UL
3,2025-11-23 16:21:58 UTC,09U9Y8Q0V8QL,20LV9UC0UL,VPL0YQCVC,20LV9UC0UL
7,2025-11-22 09:22:07 UTC,09U9Y2RLYY9P,20LV9UC0UL,20G9PLYJL0,20LV9UC0UL
8,2025-11-22 05:12:28 UTC,09U9Y2GLUQGL,20LV9UC0UL,20G90QYRRC,20LV9UC0UL
9,2025-11-21 17:46:50 UTC,09U9Y29U0C2G,20LV9UC0UL,20U2GUUVJV,20LV9UC0UL
10,2025-11-21 17:42:34 UTC,09U9Y29CQRQR,20LV9UC0UL,20G90988YQ,20LV9UC0UL
11,2025-11-21 17:37:53 UTC,09U9Y29JVJC9,20LV9UC0UL,VVP9CQ2R9,20LV9UC0UL
12,2025-11-21 05:23:18 UTC,09U9Y0VLJC0P,20LV9UC0UL,20G90PPVLV,20LV9UC0UL
15,2025-11-20 13:15:46 UTC,09U9Y0LVR90V,20LV9UC0UL,20G92CG08R,20LV9UC0UL
17,2025-11-20 13:06:57 UTC,09U9Y0LUCYY9,20LV9UC0UL,20G8VCQL08,20LV9UC0UL
23,2025-11-18 05:28:32 UTC,09U9PV2VVPCV,20LV9UC0UL,20G92G9JY0,20LV9UC0UL
24,2025-11-18 05:23:14 UTC,09U9PV2VRPU2,20LV9UC0UL,VPLPVGVRL,20LV9UC0UL
25,2025-11-18 05:19:54 UTC,09U9PV2VLJU8,20LV9UC0UL,VYYY0QQRJ,20LV9UC0UL
0,2025-11-24 05:26:22 UTC,0909V28RRJUQ,RGUP2J2CU,VPLPU02RY,RGUP2J2CU
1,2025-11-24 05:22:43 UTC,0909V28RLVUV,RGUP2J2CU,20G99UURJL,RGUP2J2CU
0,2025-11-27 16:16:03 UTC,08QPQVL2RLRL,V202ULUGG,VRCL2GLP9,V202ULUGG
1,2025-11-27 16:13:08 UTC,02JPCGPCLGV2,V202ULUGG,VQ9URYCVJ,V202ULUGG
2,2025-11-27 16:08:48 UTC,09U9YPUGQURL,V202ULUGG,20GJLURG88,V202ULUGG
3,2025-11-27 16:03:58 UTC,02JPCGPJYJVC,V202ULUGG,VYC9V8QCY,V202ULUGG
4,2025-11-27 13:56:01 UTC,02JPCG9JUUL9,V202ULUGG,VYJLC9CUP,V202ULUGG
5,2025-11-27 09:54:46 UTC,002Y0Y0JLQ09,V202ULUGG,VYCCV8QRQ,V202ULUGG
6,2025-11-27 09:49:50 UTC,02JPCG8YGUC0,V202ULUGG,VYRJ8P9PL,V202ULUGG
7,2025-11-26 17:01:16 UTC,008Y09GR98LL,V202ULUGG,UJY0VRPQG,V202ULUGG
8,2025-11-26 16:56:38 UTC,008Y09GGRGRR,V202ULUGG,V2VYGJRYG,V202ULUGG
9,2025-11-26 16:53:18 UTC,008Y09GGP8G0,V202ULUGG,VYVLJQGP8,V202ULUGG
10,2025-11-26 16:48:21 UTC,09L9U0V0GG2P,V202ULUGG,20UG2RU08P,V202ULUGG
11,2025-11-26 16:44:44 UTC,09R9Y9Q0PCR9,V202ULUGG,209LJ2UPUC,V202ULUGG
12,2025-11-26 16:41:28 UTC,029PURRLCY2C,V202ULUGG,VLJLQQCQC,V202ULUGG
13,2025-11-26 16:38:21 UTC,02JPCQJ998J2,V202ULUGG,20UV9G0UCL,V202ULUGG
14,2025-11-26 16:34:37 UTC,02GPCG2QUJJ2,V202ULUGG,PGRYV8RYU,V202ULUGG
15,2025-11-26 16:30:19 UTC,02JPCQJ8P9CC,V202ULUGG,UJPJ0V292,V202ULUGG
16,2025-11-26 16:25:21 UTC,02LPCL8VVR0Y,V202ULUGG,VQ09J9LJG,V202ULUGG
17,2025-11-26 16:21:54 UTC,02JPCQJ2PUUR,V202ULUGG,20Y8J8CLVU,V202ULUGG
18,2025-11-26 16:17:46 UTC,08PPJ8L288CJ,V202ULUGG,V2GUCCGQL,V202ULUGG
19,2025-11-26 16:14:05 UTC,02JPCQJ0LLJ2,V202ULUGG,202RCU2P9U,V202ULUGG
20,2025-11-26 16:09:20 UTC,02JPCQRVUUJJ,V202ULUGG,200Q0YL9QU,V202ULUGG
21,2025-11-26 16:05:51 UTC,02JPCQRVQY29,V202ULUGG,200LUJ8R8J,V202ULUGG
22,2025-11-26 16:02:04 UTC,088PJ8G2LVGG,V202ULUGG,20PU8YQLQU,V202ULUGG
23,2025-11-26 15:57:53 UTC,0909V8R888CV,V202ULUGG,20C2YJCVJ8,V202ULUGG
24,2025-11-26 15:54:24 UTC,02JPCQRU9PVL,V202ULUGG,VYR2YGRQC,V202ULUGG
25,2025-11-26 15:49:22 UTC,02JPCQRCRYLP,V202ULUGG,20GU29C8U2,V202ULUGG
26,2025-11-25 09:08:36 UTC,088PJ2JQ9PP0,V202ULUGG,200QYU0LCU,V202ULUGG
27,2025-11-25 09:03:32 UTC,09Q9CVGYYUJU,V202ULUGG,20V22VJULV,V202ULUGG
28,2025-11-25 08:57:23 UTC,02JPCLUPCC0V,V202ULUGG,209YQLJPCQ,V202ULUGG
29,2025-11-25 08:53:51 UTC,02JPCLUPGJGJ,V202ULUGG,20V82QVC2V,V202ULUGG
0,2025-11-24 14:00:10 UTC,02JPCLY0JC8J,V202ULUGG,UQCUPQY98,V202ULUGG
1,2025-11-24 07:46:52 UTC,02JPCL9RG0GG,V202ULUGG,20JP29GYRR,V202ULUGG
2,2025-11-21 08:18:29 UTC,09Y9CC002UYG,V202ULUGG,20UGYJPVLQ,V202ULUGG
0,2025-11-27 19:06:30 UTC,00GPUPCUQYJY,VYG2RY0R8,VL9QJ099U,VYG2RY0R8
1,2025-11-27 19:02:55 UTC,029PUJYQUP9L,VYG2RY0R8,VQ2RJJ9L2,VYG2RY0R8
2,2025-11-27 18:59:34 UTC,0909V9YPUC8G,VYG2RY0R8,VVJ9P2Q9U,VYG2RY0R8
3,2025-11-27 18:49:34 UTC,020PUPVYL2Q0,VYG2RY0R8,V8GRQC22P,VYG2RY0R8
4,2025-11-27 18:47:54 UTC,009Y0YPVJLY2,VYG2RY0R8,VL9R2QRQY,VYG2RY0R8
5,2025-11-27 18:44:21 UTC,080PJQRRPQQ8,VYG2RY0R8,LGCU0QGUU,VYG2RY0R8
6,2025-11-27 18:43:11 UTC,00GPUPCRJLJP,VYG2RY0R8,UU08Q99LU,VYG2RY0R8
7,2025-11-27 18:39:43 UTC,00GPUPCRPGLY,VYG2RY0R8,20YVVVUQY2,VYG2RY0R8
8,2025-11-27 18:37:44 UTC,00GPUPCR29QV,VYG2RY0R8,20LYJRP89Y,VYG2RY0R8
9,2025-11-27 18:36:05 UTC,008Y0PPY09LV,VYG2RY0R8,VY8G0880J,VYG2RY0R8
10,2025-11-27 18:31:57 UTC,02PPUC2YCPQP,VYG2RY0R8,VYJRJVG2U,VYG2RY0R8
11,2025-11-27 18:28:07 UTC,00CPUYJRGV80,VYG2RY0R8,VYRCRG2JC,VYG2RY0R8
12,2025-11-27 18:24:40 UTC,0929V98G0UP0,VYG2RY0R8,20CRVVCPPC,VYG2RY0R8
13,2025-11-27 18:22:35 UTC,09Y9U222LV20,VYG2RY0R8,20U92U020C,VYG2RY0R8
14,2025-11-27 18:20:55 UTC,00GPUPCQ2980,VYG2RY0R8,2009L9LGGV,VYG2RY0R8
16,2025-11-23 18:38:04 UTC,00GPU8PQG0U9,VYG2RY0R8,VPYJU02RP,VYG2RY0R8
17,2025-11-23 18:36:23 UTC,00GPU8PQY20V,VYG2RY0R8,VPLU0LURQ,VYG2RY0R8
18,2025-11-23 18:34:33 UTC,00GPU8PQ2C89,VYG2RY0R8,VPQQ8UQ29,VYG2RY0R8
19,2025-11-23 18:31:59 UTC,00GPU8PLC9Y9,VYG2RY0R8,20GPPJ9Y2J,VYG2RY0R8
20,2025-11-23 18:30:21 UTC,00GPU8PLGY9G,VYG2RY0R8,VPYGQ2CP2,VYG2RY0R8
21,2025-11-23 18:28:38 UTC,00GPU8PLYPU2,VYG2RY0R8,VPUJ0U0CR,VYG2RY0R8
22,2025-11-23 18:27:40 UTC,00GPU8PL9R8Y,VYG2RY0R8,VV9VVPGUP,VYG2RY0R8
23,2025-11-23 18:26:35 UTC,00GPU8PL2JGC,VYG2RY0R8,VYJVRCLCL,VYG2RY0R8
24,2025-11-23 18:22:44 UTC,00GPU8PYGUCV,VYG2RY0R8,VYJLQ8UVU,VYG2RY0R8
25,2025-11-21 20:45:44 UTC,00GPU20U28LV,VYG2RY0R8,VPYJ8RGYG,VYG2RY0R8
26,2025-11-21 20:44:25 UTC,00GPU20CV08C,VYG2RY0R8,20U2RQCL82,VYG2RY0R8
27,2025-11-21 20:42:52 UTC,00GPU20CJYJ0,VYG2RY0R8,20U2V8U9R9,VYG2RY0R8
28,2025-11-21 20:41:50 UTC,00GPU20CGRJG,VYG2RY0R8,20Y8V9JJVY,VYG2RY0R8
29,2025-11-21 20:40:12 UTC,00GPU20CL0Q2,VYG2RY0R8,VPQQPC002,VYG2RY0R8
0,2025-11-23 14:21:02 UTC,00QPU9U0VQ8C,VYR9U8VRY,20U2QURQP8,VYR9U8VRY
1,2025-11-22 21:11:14 UTC,00QPU9LPC802,VYR9U8VRY,VYRRCG009,VYR9U8VRY
2,2025-11-22 20:58:48 UTC,00QPU9L9YRCY,VYR9U8VRY,VPL280ULQ,VYR9U8VRY
3,2025-11-22 20:56:02 UTC,00QPU9L92YJC,VYR9U8VRY,VV9V82QY8,VYR9U8VRY
4,2025-11-22 20:53:10 UTC,00QPU9L8JVUV,VYR9U8VRY,VPURQYV8U,VYR9U8VRY
5,2025-11-22 20:50:14 UTC,00QPU9L8LG9Y,VYR9U8VRY,20G90PU0JL,VYR9U8VRY
6,2025-11-22 20:47:12 UTC,00QPU9L82VG9,VYR9U8VRY,VYCGRUGR9,VYR9U8VRY
7,2025-11-22 20:45:18 UTC,00QPU9L2V899,VYR9U8VRY,VPYGCYC2Q,VYR9U8VRY
8,2025-11-22 20:43:55 UTC,00QPU9L2C0GY,VYR9U8VRY,VL2RG9YGC,VYR9U8VRY
9,2025-11-22 20:42:46 UTC,00QPU9L2RPYL,VYR9U8VRY,209UQUYCVY,VYR9U8VRY
10,2025-11-22 20:41:31 UTC,00QPU9L2QYJQ,VYR9U8VRY,VPYRL8QVU,VYR9U8VRY
11,2025-11-22 20:40:30 UTC,00QPU9L2YU0Q,VYR9U8VRY,209UG09VRL,VYR9U8VRY
0,2025-11-26 19:04:35 UTC,00YPUPLCJJ9P,CPVGJQLC2,V882CUPPV,CPVGJQLC2
1,2025-11-26 19:00:04 UTC,02VPJLLCLJLJ,CPVGJQLC2,VL2U2G0G0,CPVGJQLC2
2,2025-11-26 18:55:03 UTC,022PVYUVV9V2,CPVGJQLC2,V22J9PGLC,CPVGJQLC2
3,2025-11-26 18:50:19 UTC,02QPCLCQG0PY,CPVGJQLC2,UQYGGQCLV,CPVGJQLC2
4,2025-11-26 18:46:31 UTC,080PJQ0C9RVP,CPVGJQLC2,VR0RV09CL,CPVGJQLC2
5,2025-11-26 18:42:50 UTC,02VPJLLRLL02,CPVGJQLC2,VYJ220LGV,CPVGJQLC2
6,2025-11-26 18:37:55 UTC,02VPJLLGUYGC,CPVGJQLC2,VUPP0RP2R,CPVGJQLC2
7,2025-11-26 18:30:24 UTC,02VPJLLG08LG,CPVGJQLC2,20Y8JR892L,CPVGJQLC2
8,2025-11-26 18:26:42 UTC,02UPJYYY2Y2J,CPVGJQLC2,V0VCL8VGL,CPVGJQLC2
9,2025-11-26 18:22:49 UTC,02VPJLLQ2C9Q,CPVGJQLC2,UVQCV8Y2J,CPVGJQLC2
0,2025-11-22 09:55:56 UTC,08YPJ0PCUULP,U0G00RJ00,PV2822UU2,U0G00RJ00
1,2025-11-22 09:52:09 UTC,08PPRVRRRQUG,U0G00RJ00,QVGUJP0JR,U0G00RJ00
2,2025-11-22 09:48:36 UTC,08PPRVRRL2LY,U0G00RJ00,2RQG88G2V,U0G00RJ00
3,2025-11-05 19:46:09 UTC,08PPR90Q9L20,U0G00RJ00,VYRVGQ2CJ,U0G00RJ00
5,2025-11-05 19:33:36 UTC,08PPR90YCVG2,U0G00RJ00,VVP9YC0VC,U0G00RJ00
14,2025-10-28 11:43:26 UTC,08PPGCGPY82L,U0G00RJ00,20G98YJP8R,U0G00RJ00
16,2025-10-28 11:37:52 UTC,08PPGCG9CLLV,U0G00RJ00,VPL2U2CVC,U0G00RJ00
17,2025-10-27 21:15:10 UTC,08PPGC9Q0Y9J,U0G00RJ00,20Y880GUG9,U0G00RJ00
20,2025-10-22 21:07:44 UTC,08PPGQRU9QRV,U0G00RJ00,20QJJYJCRU,U0G00RJ00
0,2025-11-28 10:34:07 UTC,00YPUYQ20UCJ,Q800C0C2Y,ULCUGLCRC,Q800C0C2Y
1,2025-11-28 10:30:56 UTC,0929V9G9Q8QJ,Q800C0C2Y,R8YCVUJ9R,Q800C0C2Y
2,2025-11-28 09:44:19 UTC,09Y9U2LQG2G2,Q800C0C2Y,L02YGYPQY,Q800C0C2Y
3,2025-11-28 09:37:33 UTC,022PVLV80PLU,Q800C0C2Y,YLV0PL2GC,Q800C0C2Y
4,2025-11-27 22:07:48 UTC,000Y09RJQ9VG,Q800C0C2Y,J2Y2P0V98,Q800C0C2Y
5,2025-11-27 22:04:27 UTC,00YPUY92VY9G,Q800C0C2Y,8JUJLLGV,Q800C0C2Y
6,2025-11-27 22:00:37 UTC,00CPUYUL8JUQ,Q800C0C2Y,LPR09QC8C,Q800C0C2Y
7,2025-11-27 11:42:41 UTC,09Y9U0U8CUVY,Q800C0C2Y,YU8P8R2UC,Q800C0C2Y
8,2025-11-27 11:39:03 UTC,09J9YYYCRG8P,Q800C0C2Y,YLPPUGUU,Q800C0C2Y
9,2025-11-27 11:34:21 UTC,00UPUYQYRCGP,Q800C0C2Y,V8R0V9J98,Q800C0C2Y
10,2025-11-27 11:32:53 UTC,00UPUYQYG9L2,Q800C0C2Y,V8R0V9J98,Q800C0C2Y
11,2025-11-27 11:28:59 UTC,00UPUYQYP8G8,Q800C0C2Y,V8R0V9J98,Q800C0C2Y
12,2025-11-27 10:55:07 UTC,09Y9U0CVLR8P,Q800C0C2Y,V8R0V9J98,Q800C0C2Y
13,2025-11-27 10:50:35 UTC,09Y9U0CV8PGQ,Q800C0C2Y,VQ00UCR28,Q800C0C2Y
14,2025-11-27 10:47:18 UTC,09Y9U0CUV8JP,Q800C0C2Y,UCUR82GVL,Q800C0C2Y
15,2025-11-27 09:08:59 UTC,09Y9U0CLV8J8,Q800C0C2Y,U00V8P9LP,Q800C0C2Y
16,2025-11-27 09:04:12 UTC,02UPJYJLL9J9,Q800C0C2Y,CC9QR2C0L,Q800C0C2Y
17,2025-11-27 08:59:56 UTC,09Y9U0CLL8V0,Q800C0C2Y,2G2Q2UJLC,Q800C0C2Y
18,2025-11-27 08:55:17 UTC,09Y9U0CL8GY2,Q800C0C2Y,28JJUY820,Q800C0C2Y
19,2025-11-27 08:51:01 UTC,09Y9U0CYVPQ0,Q800C0C2Y,V8P9J9GRV,Q800C0C2Y
20,2025-11-27 08:47:48 UTC,09Y9U0CYJCVV,Q800C0C2Y,8QUPRYUUL,Q800C0C2Y
21,2025-11-27 08:44:07 UTC,08CPQU9C8UUQ,Q800C0C2Y,LQJLCUYVV,Q800C0C2Y
22,2025-11-27 08:41:46 UTC,09Y9U0CYL8P9,Q800C0C2Y,UY2Q92G82,Q800C0C2Y
23,2025-11-27 08:37:52 UTC,000Y09P0JJVV,Q800C0C2Y,RUC0CP0UG,Q800C0C2Y
24,2025-11-27 07:52:56 UTC,02UPJYJ8P8GJ,Q800C0C2Y,CCR2QCJGJ,Q800C0C2Y
25,2025-11-27 07:48:24 UTC,09Y9U0C8PYY2,Q800C0C2Y,2YL0U2CG,Q800C0C2Y
26,2025-11-27 07:45:00 UTC,08QPQV98P0GQ,Q800C0C2Y,VC008LJRV,Q800C0C2Y
27,2025-11-27 07:41:28 UTC,09Y9U0C2UJUL,Q800C0C2Y,VYJ2GUR8U,Q800C0C2Y
28,2025-11-27 06:54:57 UTC,02UPJYRUU8Y8,Q800C0C2Y,CCRPUPRL8,Q800C0C2Y
29,2025-11-27 06:36:27 UTC,09Y9U0JU0LCY,Q800C0C2Y,888VPRRJL,Q800C0C2Y
0,2025-11-24 06:44:41 UTC,00VPU9QC2GL8,Q800C0C2Y,UGCVQ82Y9,Q800C0C2Y
2,2025-11-22 16:48:45 UTC,02VPJ9CVVYJG,Q800C0C2Y,YVL282YJ9,Q800C0C2Y
3,2025-11-14 19:35:01 UTC,080PRVPQC0L8,Q800C0C2Y,202CCLRLP,Q800C0C2Y
0,2025-11-28 10:29:37 UTC,09P9CVUVVU8Q,YG2C8GQ2P,VPPRG09QG,YG2C8GQ2P
1,2025-11-27 16:55:21 UTC,08JPQVLJJLV8,YG2C8GQ2P,202P2C2U9P,YG2C8GQ2P
2,2025-11-27 16:51:38 UTC,09P9CVLGYYGY,YG2C8GQ2P,VCV288Y8Q,YG2C8GQ2P
3,2025-11-27 16:47:14 UTC,08PPJ92880Y8,YG2C8GQ2P,8VJVG9QVL,YG2C8GQ2P
4,2025-11-27 11:23:48 UTC,00PY09UP20C9,YG2C8GQ2P,V0YR9VJUU,YG2C8GQ2P
5,2025-11-27 11:20:24 UTC,00PY09U9CLLY,YG2C8GQ2P,V0YR9VJUU,YG2C8GQ2P
6,2025-11-27 11:17:15 UTC,00PY09U9G2C9,YG2C8GQ2P,V0YR9VJUU,YG2C8GQ2P
7,2025-11-27 11:11:32 UTC,09P9CVP9V8JJ,YG2C8GQ2P,VGR8CCVJU,YG2C8GQ2P
8,2025-11-27 11:04:47 UTC,09P9CVP9LRUU,YG2C8GQ2P,VGR8CCVJU,YG2C8GQ2P
9,2025-11-27 11:00:17 UTC,0929V8VYC8UU,YG2C8GQ2P,CP0YCYPG9,YG2C8GQ2P
10,2025-11-26 09:47:15 UTC,09P9CUR8JJ2G,YG2C8GQ2P,VGR8CCVJU,YG2C8GQ2P
11,2025-11-25 18:54:51 UTC,09P9CUP9LVJG,YG2C8GQ2P,Q800C0C2Y,YG2C8GQ2P
12,2025-11-25 17:25:45 UTC,09P9CU9Q92UG,YG2C8GQ2P,UV2YU0PP8,YG2C8GQ2P
0,2025-11-28 09:54:33 UTC,0929V9G0VRQU,CP0YCYPG9,VYRC9CRUL,CP0YCYPG9
1,2025-11-28 09:41:37 UTC,0929V9G028U9,CP0YCYPG9,VYRJ8G88R,CP0YCYPG9
2,2025-11-28 09:38:40 UTC,0929V9QVUL9Q,CP0YCYPG9,VYRVY82Q0,CP0YCYPG9
3,2025-11-28 09:35:43 UTC,0929V9QVRCCJ,CP0YCYPG9,200G2UG89G,CP0YCYPG9
4,2025-11-28 09:34:33 UTC,08U9V989G0CV,CP0YCYPG9,VGCL928V8,CP0YCYPG9
5,2025-11-27 16:23:18 UTC,0929V92QUCQU,CP0YCYPG9,CRRVR2UQQ,CP0YCYPG9
6,2025-11-27 16:19:50 UTC,0929V92QQ98Q,CP0YCYPG9,20Y8JYPG22,CP0YCYPG9
7,2025-11-27 11:06:48 UTC,0929V8VL9LY8,CP0YCYPG9,VQ09LLLU2,CP0YCYPG9
8,2025-11-27 11:04:31 UTC,08U9V8QJYJ0P,CP0YCYPG9,20GCPYJVGP,CP0YCYPG9
9,2025-11-27 11:00:17 UTC,0929V8VYC8UU,CP0YCYPG9,YG2C8GQ2P,CP0YCYPG9
10,2025-11-27 08:44:13 UTC,0929V8UCQL02,CP0YCYPG9,VLVV2G82C,CP0YCYPG9
11,2025-11-27 08:40:25 UTC,09R9Y9UGG9J0,CP0YCYPG9,202CGLC88Q,CP0YCYPG9
12,2025-11-27 08:37:14 UTC,009Y0Y0UJY22,CP0YCYPG9,VPJ2YY89R,CP0YCYPG9
13,2025-11-27 08:33:53 UTC,008Y0P0YL2CQ,CP0YCYPG9,JUCRQG8U8,CP0YCYPG9
14,2025-11-27 08:30:40 UTC,0929V8UJJJYG,CP0YCYPG9,V2GGJ2U22,CP0YCYPG9
15,2025-11-27 08:02:22 UTC,0929V8UR2R20,CP0YCYPG9,JLYRLG8Y2,CP0YCYPG9
16,2025-11-27 07:59:02 UTC,0929V8UGUVGY,CP0YCYPG9,VL2V8VR0P,CP0YCYPG9
17,2025-11-27 07:33:51 UTC,002Y0Y088YCY,CP0YCYPG9,V89C89U8V,CP0YCYPG9
18,2025-11-27 07:29:44 UTC,08GPQJU2CYJL,CP0YCYPG9,20Y09PQGC8,CP0YCYPG9
19,2025-11-27 07:26:25 UTC,08JPQV9YV98Y,CP0YCYPG9,200G2CLRQ0,CP0YCYPG9
20,2025-11-27 07:22:30 UTC,000Y099JPPR2,CP0YCYPG9,CPPUQRGGG,CP0YCYPG9
21,2025-11-27 07:19:17 UTC,09R9Y9UP0GQP,CP0YCYPG9,20YGUQL98C,CP0YCYPG9
22,2025-11-27 07:15:40 UTC,0929V8ULYCCV,CP0YCYPG9,VYRJCG2LL,CP0YCYPG9
23,2025-11-26 18:14:28 UTC,0929V8QJUYLJ,CP0YCYPG9,200GPQPLUU,CP0YCYPG9
24,2025-11-26 16:43:47 UTC,0929V8Q0QQC2,CP0YCYPG9,202JQ2C00J,CP0YCYPG9
25,2025-11-26 16:38:30 UTC,0929V8LVV082,CP0YCYPG9,200G98QJU2,CP0YCYPG9
26,2025-11-26 14:32:28 UTC,0999U08RGPCY,CP0YCYPG9,RP2P2GVU2,CP0YCYPG9
27,2025-11-26 14:29:17 UTC,0929V8YVC2RR,CP0YCYPG9,VYJ0GRR9Q,CP0YCYPG9
28,2025-11-26 14:26:08 UTC,09Y9U0PQGVV2,CP0YCYPG9,QPL89Q9QR,CP0YCYPG9
29,2025-11-26 14:22:59 UTC,088PJ8QPRURU,CP0YCYPG9,VVGJRV8QU,CP0YCYPG9
0,2025-11-24 10:45:44 UTC,0929V22LL2CY,CP0YCYPG9,VLRP8LQJ0,CP0YCYPG9
0,2025-11-27 17:28:09 UTC,00YPUY0CVLY8,"VYVG8R88P,UQGPVVLPV","VLVJQP9JQ,VPP808J99",UQGPVVLPV
1,2025-11-27 15:54:57 UTC,00RPUY2P0QPR,UQGPVVLPV,UUCVG0Q0V,UQGPVVLPV
2,2025-11-27 15:50:48 UTC,00RPUY29QCG2,UQGPVVLPV,UUCVG0Q0V,UQGPVVLPV
3,2025-11-27 15:27:17 UTC,00YPUPVCVPQC,UQGPVVLPV,200G8CCCL8,UQGPVVLPV
4,2025-11-26 21:58:17 UTC,00YPUPG8J9JC,UQGPVVLPV,VYRJGRVCG,UQGPVVLPV
5,2025-11-26 21:54:55 UTC,08RPQUPGY20R,UQGPVVLPV,VRUVUJPPV,UQGPVVLPV
6,2025-11-26 18:06:40 UTC,00YPUPLY092P,UQGPVVLPV,20RQLU0CRR,UQGPVVLPV
7,2025-11-25 19:51:41 UTC,00YPU9UY0V8L,UQGPVVLPV,20LYCVLLJ0,UQGPVVLPV
8,2025-11-25 19:49:01 UTC,00YPU9UPJQY2,UQGPVVLPV,200G8YY0GP,UQGPVVLPV
9,2025-11-25 19:42:49 UTC,00YPU9UP09VL,UQGPVVLPV,VL8QR0QGG,UQGPVVLPV
10,2025-11-25 19:19:39 UTC,00YPU9U2PGVV,UQGPVVLPV,20LL0L8PVV,UQGPVVLPV
11,2025-11-25 17:20:29 UTC,00YPU9C2YLPR,UQGPVVLPV,20Y92LLU8Y,UQGPVVLPV
12,2025-11-24 19:31:27 UTC,00YPU98VVJ8L,UQGPVVLPV,VQ002PL0R,UQGPVVLPV
13,2025-11-24 17:47:01 UTC,00YPU982V0C2,UQGPVVLPV,VL80PPYJ2,UQGPVVLPV
15,2025-11-24 05:21:18 UTC,00YPU8UL9PQY,UQGPVVLPV,VPYJR0UYQ,UQGPVVLPV
16,2025-11-23 20:12:26 UTC,00YPU8R2J9VL,UQGPVVLPV,VPYVR022Q,UQGPVVLPV
17,2025-11-23 20:05:40 UTC,00YPU8R0V8VJ,UQGPVVLPV,VPQRJU08R,UQGPVVLPV
18,2025-11-23 18:15:44 UTC,00YPU8G29UG8,UQGPVVLPV,VY9PCL0PR,UQGPVVLPV
19,2025-11-22 18:44:20 UTC,00YPU2V2PVRL,UQGPVVLPV,VPQQ90LQ9,UQGPVVLPV
0,2025-11-27 15:54:57 UTC,00RPUY2P0QPR,UUCVG0Q0V,UQGPVVLPV,UUCVG0Q0V
1,2025-11-27 15:50:48 UTC,00RPUY29QCG2,UUCVG0Q0V,UQGPVVLPV,UUCVG0Q0V
2,2025-11-27 06:14:27 UTC,00RPUPU2P8VC,UUCVG0Q0V,VYRVRRJP2,UUCVG0Q0V
3,2025-11-24 08:00:55 UTC,00RPU908VLV8,UUCVG0Q0V,20U2YCL9PJ,UUCVG0Q0V
4,2025-11-23 14:36:14 UTC,00RPU8Q9UQY8,UUCVG0Q0V,VYRCV8Q2Q,UUCVG0Q0V
5,2025-11-23 14:30:55 UTC,00RPU8Q9P8UC,UUCVG0Q0V,20J9JR8QYQ,UUCVG0Q0V
6,2025-11-23 09:01:18 UTC,00RPU8YPPL9R,UUCVG0Q0V,VL2YCVPLG,UUCVG0Q0V
8,2025-11-23 08:55:07 UTC,00RPU8Y9VYJ0,UUCVG0Q0V,20U2JLY8UL,UUCVG0Q0V
22,2025-11-22 08:52:10 UTC,00RPU2RURQY2,UUCVG0Q0V,20J9R2QQ2G,UUCVG0Q0V
23,2025-11-22 08:48:24 UTC,00RPU2RUL9PL,UUCVG0Q0V,VPYJVP0LY,UUCVG0Q0V
24,2025-11-22 07:24:17 UTC,00RPU2RQQG9C,UUCVG0Q0V,VYRL0PP8L,UUCVG0Q0V
25,2025-11-22 07:17:16 UTC,00RPU2RQ82UY,UUCVG0Q0V,20Y8UCPQV2,UUCVG0Q0V
26,2025-11-22 07:13:49 UTC,00RPU2RLVLJ0,UUCVG0Q0V,VYRL0V0VP,UUCVG0Q0V
27,2025-11-21 17:24:16 UTC,00RPU29VL2V9,UUCVG0Q0V,VPYVPQ2LC,UUCVG0Q0V
28,2025-11-21 17:20:07 UTC,00RPU29UV0P2,UUCVG0Q0V,VL2UYGP9U,UUCVG0Q0V
29,2025-11-21 17:16:35 UTC,00RPU29ULUQ9,UUCVG0Q0V,209UC0YVGP,UUCVG0Q0V
0,2025-11-27 18:17:06 UTC,08CPQUQQ2QLP,VV0G92PU8,20Y8G8LPCV,VV0G92PU8
1,2025-11-27 18:15:02 UTC,08CPQUQLU2Q9,VV0G92PU8,20Y8G8LPCV,VV0G92PU8
2,2025-11-27 18:13:12 UTC,08CPQUQLR8YY,VV0G92PU8,20Y8G8LPCV,VV0G92PU8
3,2025-11-27 18:10:30 UTC,08LPJ88YVV98,VV0G92PU8,20Y8G8LPCV,VV0G92PU8
4,2025-11-27 18:06:30 UTC,08LPJ88YQYLV,VV0G92PU8,V8Y8U0908,VV0G92PU8
5,2025-11-27 17:18:33 UTC,08LPJ82VCG8G,VV0G92PU8,200G2GU8JQ,VV0G92PU8
6,2025-11-27 17:15:58 UTC,02PPUC0JC0YR,VV0G92PU8,VYQPL8Q8J,VV0G92PU8
7,2025-11-26 20:00:56 UTC,09C9YPJCULLL,VV0G92PU8,20L9VGY8GY,VV0G92PU8
8,2025-11-26 19:58:37 UTC,08LPJ2GLLUR9,VV0G92PU8,20CQCQ8RRG,VV0G92PU8
9,2025-11-26 15:30:45 UTC,09Y9U0Y0YLU8,VV0G92PU8,RLUUGY822,VV0G92PU8
10,2025-11-26 15:27:13 UTC,08LPJ2L90LGU,VV0G92PU8,200G9U8YGQ,VV0G92PU8
11,2025-11-26 15:22:24 UTC,02LPCL8LCJU2,VV0G92PU8,P22UUP2G0,VV0G92PU8
12,2025-11-26 12:58:23 UTC,08LPJ2Y2V08C,VV0G92PU8,URQRP9Q8Y,VV0G92PU8
13,2025-11-26 12:54:41 UTC,08JPQUJ92LVC,VV0G92PU8,V88Y09088,VV0G92PU8
14,2025-11-26 12:50:23 UTC,08LPJ2Y28VYG,VV0G92PU8,20RQUJRPYQ,VV0G92PU8
15,2025-11-26 10:56:02 UTC,09Y9U099QRRR,VV0G92PU8,20UPL8URYY,VV0G92PU8
16,2025-11-26 10:52:34 UTC,08LPJ2PYJYJY,VV0G92PU8,20YCQC0LRQ,VV0G92PU8
17,2025-11-26 10:48:05 UTC,08LPJ2PYYUJ9,VV0G92PU8,PUV0R9LGU,VV0G92PU8
18,2025-11-26 07:20:49 UTC,08LPJ29G9RLR,VV0G92PU8,200G2RR8UP,VV0G92PU8
19,2025-11-26 07:14:58 UTC,09R9Y99UJ88P,VV0G92PU8,20PLLP8J2V,VV0G92PU8
20,2025-11-25 18:48:36 UTC,00PY08CR98C2,VV0G92PU8,UJU0280RL,VV0G92PU8
21,2025-11-25 18:41:52 UTC,02GPCQQJCRPJ,VV0G92PU8,V8Y2JUPCU,VV0G92PU8
22,2025-11-25 18:36:01 UTC,08LPJ0UU9J08,VV0G92PU8,20LYCQJL20,VV0G92PU8
23,2025-11-25 11:23:54 UTC,08LPJ0RQVR92,VV0G92PU8,VPPJQPLQV,VV0G92PU8
24,2025-11-25 11:19:10 UTC,08LPJ0RQGQ9C,VV0G92PU8,2028PPU8PC,VV0G92PU8
25,2025-11-25 11:15:09 UTC,08LPJ0RQP89C,VV0G92PU8,20RJ90PJ00,VV0G92PU8
26,2025-11-25 11:11:25 UTC,08LPJ0RQ080J,VV0G92PU8,U0QCGJR2P,VV0G92PU8
1,2025-11-16 13:15:41 UTC,08LPRGV2V820,VV0G92PU8,V902RC8CL,VV0G92PU8
0,2025-11-26 17:04:53 UTC,08GPQJLC9QGC,2020JYUCRJ,20Y8GRY8QU,2020JYUCRJ
1,2025-11-26 17:00:07 UTC,08GPQJLJRUC2,2020JYUCRJ,VPJG8289U,2020JYUCRJ
2,2025-11-26 16:55:28 UTC,08GPQJLJ8YLU,2020JYUCRJ,VYJYYJYQL,2020JYUCRJ
3,2025-11-26 15:07:43 UTC,08GPQJYU0098,2020JYUCRJ,20RQ8P28UV,2020JYUCRJ
4,2025-11-26 15:04:05 UTC,08GPQJYCGJ0R,2020JYUCRJ,VQ00Q0JGG,2020JYUCRJ
5,2025-11-25 13:17:28 UTC,08GPQRJ8U0R2,2020JYUCRJ,20Y8CJ2V9C,2020JYUCRJ
6,2025-11-25 13:15:22 UTC,08GPQRJ8R898,2020JYUCRJ,20VYCCQ8J2,2020JYUCRJ
7,2025-11-23 17:55:08 UTC,08GPQGR2JPVV,2020JYUCRJ,209UYVCRCG,2020JYUCRJ
9,2025-11-23 11:56:28 UTC,08GPQGLPPCVU,2020JYUCRJ,VPLJV029U,2020JYUCRJ
10,2025-11-23 11:53:05 UTC,08GPQGLP22C2,2020JYUCRJ,209ULJ9GGL,2020JYUCRJ
25,2025-11-16 13:22:29 UTC,08GPQ9VVRC20,2020JYUCRJ,20Y2CC2U9P,2020JYUCRJ
26,2025-11-16 13:17:35 UTC,08GPQ9VV9QLJ,2020JYUCRJ,209UULL2UP,2020JYUCRJ
28,2025-11-16 13:04:12 UTC,08GPQ9VU0QRQ,2020JYUCRJ,20G98P9YGL,2020JYUCRJ
0,2025-11-25 18:53:27 UTC,0989V0U20VR2,LQ8QY0PRC,20JY9PPRY8,LQ8QY0PRC
1,2025-11-25 18:43:07 UTC,000Y08P9CUJJ,LQ8QY0PRC,V9P9L9RGP,LQ8QY0PRC
2,2025-11-25 18:39:01 UTC,02VPJYCJG0V8,LQ8QY0PRC,2000QURJ2V,LQ8QY0PRC
3,2025-11-25 18:35:19 UTC,08CPQCP29RYG,LQ8QY0PRC,20PQJLLV09,LQ8QY0PRC
4,2025-11-25 18:32:09 UTC,00RPU9UU08CV,LQ8QY0PRC,VYLUGRQ9U,LQ8QY0PRC
5,2025-11-25 18:26:37 UTC,00RPU9UCY2YR,LQ8QY0PRC,U2R2QU2VJ,LQ8QY0PRC
6,2025-11-25 18:13:02 UTC,00RPU9URJV0Y,LQ8QY0PRC,20YV2QU98C,LQ8QY0PRC
7,2025-11-24 10:26:00 UTC,00RPU90CYCGJ,LQ8QY0PRC,20UUYCPP9Q,LQ8QY0PRC
8,2025-11-24 10:23:05 UTC,082PJYYRJGQ0,LQ8QY0PRC,200Y98GRGR,LQ8QY0PRC
9,2025-11-24 10:19:45 UTC,00RPU90C008U,LQ8QY0PRC,V2UQJQUJ0,LQ8QY0PRC
10,2025-11-24 10:16:32 UTC,02UPJ9ULRVYY,LQ8QY0PRC,2002RY88UJ,LQ8QY0PRC
11,2025-11-24 10:13:02 UTC,00RPU90JG2QG,LQ8QY0PRC,20GJQLQ09P,LQ8QY0PRC
12,2025-11-24 10:09:55 UTC,00RPU90JYY9C,LQ8QY0PRC,20RPQPR22R,LQ8QY0PRC
13,2025-11-24 10:06:16 UTC,00RPU90J88PP,LQ8QY0PRC,VYPPUJ02C,LQ8QY0PRC
14,2025-11-24 10:02:23 UTC,00RPU90RUUYR,LQ8QY0PRC,VPL2YYGCR,LQ8QY0PRC
15,2025-11-24 09:59:38 UTC,00RPU90RJQGU,LQ8QY0PRC,20R9YRCR9U,LQ8QY0PRC
16,2025-11-24 08:29:12 UTC,09Y9CUVQR00C,LQ8QY0PRC,20VPU9GVYY,LQ8QY0PRC
17,2025-11-24 08:24:53 UTC,00RPU90PPY80,LQ8QY0PRC,20Y2RJPV28,LQ8QY0PRC
18,2025-11-24 01:15:18 UTC,00RPU8UY8QR9,LQ8QY0PRC,V0V89RGYV,LQ8QY0PRC
19,2025-11-24 01:12:04 UTC,08V9V09P2UPY,LQ8QY0PRC,20JVP82YVQ,LQ8QY0PRC
20,2025-11-24 01:07:16 UTC,00VPU9L920QP,LQ8QY0PRC,VYPR8C882,LQ8QY0PRC
21,2025-11-24 01:05:10 UTC,0909V22L0U99,LQ8QY0PRC,20G2Y28Y9U,LQ8QY0PRC
22,2025-11-24 01:00:55 UTC,00RPU8U9VCQV,LQ8QY0PRC,20PP02UVGC,LQ8QY0PRC
23,2025-11-24 00:57:30 UTC,00RPU8U9RC09,LQ8QY0PRC,UGUJRQUCV,LQ8QY0PRC
24,2025-11-24 00:53:42 UTC,00RPU8U9Y9U2,LQ8QY0PRC,VVP2Q9P2L,LQ8QY0PRC
25,2025-11-23 21:55:51 UTC,02LPCPQQ0LV0,LQ8QY0PRC,JYV2RY0YL,LQ8QY0PRC
26,2025-11-23 20:55:28 UTC,08V9V02QVLPQ,LQ8QY0PRC,JU9R0CVUY,LQ8QY0PRC
27,2025-11-23 20:52:19 UTC,00RPU8JQVUUG,LQ8QY0PRC,VPYUYRRCY,LQ8QY0PRC
28,2025-11-23 20:49:42 UTC,00RPU8JQRGRP,LQ8QY0PRC,VPCRQVPRV,LQ8QY0PRC
29,2025-11-23 20:47:10 UTC,00RPU8JQYQJ9,LQ8QY0PRC,VPYRG0C02,LQ8QY0PRC
0,2025-11-27 18:17:06 UTC,08CPQUQQ2QLP,20Y8G8LPCV,VV0G92PU8,20Y8G8LPCV
1,2025-11-27 18:15:02 UTC,08CPQUQLU2Q9,20Y8G8LPCV,VV0G92PU8,20Y8G8LPCV
2,2025-11-27 18:13:12 UTC,08CPQUQLR8YY,20Y8G8LPCV,VV0G92PU8,20Y8G8LPCV
3,2025-11-27 18:10:30 UTC,08LPJ88YVV98,20Y8G8LPCV,VV0G92PU8,20Y8G8LPCV
4,2025-11-27 18:00:54 UTC,08CPQUQY98J8,20Y8G8LPCV,VYJ9QPP0U,20Y8G8LPCV
5,2025-11-26 18:28:36 UTC,08CPQCUCJGCL,20Y8G8LPCV,20CGRQLQUY,20Y8G8LPCV
6,2025-11-26 18:26:02 UTC,08CPQCUCLLYY,20Y8G8LPCV,20RQY2YUVY,20Y8G8LPCV
7,2025-11-26 15:28:52 UTC,08CPQCCYP00Y,20Y8G8LPCV,200GLPQC8V,20Y8G8LPCV
8,2025-11-26 11:46:25 UTC,08CPQCRU82QV,20Y8G8LPCV,20Y8CQ9R0Y,20Y8G8LPCV
9,2025-11-25 17:23:40 UTC,08CPQC9LVR0U,20Y8G8LPCV,20Y8J2PYC8,20Y8G8LPCV
10,2025-11-25 17:20:44 UTC,08CPQC9LGUPR,20Y8G8LPCV,VYRCGCRLJ,20Y8G8LPCV
11,2025-11-25 17:18:38 UTC,08CPQC9LYLL8,20Y8G8LPCV,VYRU880P2,20Y8G8LPCV
12,2025-11-25 17:15:08 UTC,08CPQC9YVC0L,20Y8G8LPCV,20VYUL9Q0V,20Y8G8LPCV
13,2025-11-25 17:08:23 UTC,08CPQC9Y8C9U,20Y8G8LPCV,VL8QJRLUU,20Y8G8LPCV
14,2025-11-25 16:57:01 UTC,08CPQC99UPR2,20Y8G8LPCV,20CGYGVC0G,20Y8G8LPCV
15,2025-11-24 13:35:14 UTC,08CPQJLRVGRG,20Y8G8LPCV,VYRCC9QG8,20Y8G8LPCV
16,2025-11-24 13:30:52 UTC,08CPQJLRGY98,20Y8G8LPCV,VQPJ0LPQV,20Y8G8LPCV
17,2025-11-22 11:47:19 UTC,08CPQR8PJLVG,20Y8G8LPCV,209URCYRJG,20Y8G8LPCV
18,2025-11-22 11:43:57 UTC,08CPQR8PLJ9Q,20Y8G8LPCV,VPYJL0CP8,20Y8G8LPCV
19,2025-11-22 09:04:22 UTC,08CPQR2Q2PQU,20Y8G8LPCV,VPYRUQ08L,20Y8G8LPCV
23,2025-11-20 17:07:15 UTC,08CPQG0Y8V08,20Y8G8LPCV,VL2JV8CQR,20Y8G8LPCV
24,2025-11-18 17:16:45 UTC,08CPQLJV0JRR,20Y8G8LPCV,VPYCQQ89P,20Y8G8LPCV
25,2025-11-18 17:13:07 UTC,08CPQLJUGV9R,20Y8G8LPCV,20Y8GUPYUG,20Y8G8LPCV
2,2025-11-18 17:28:35 UTC,08PPRCPR2YGR,20P0P0Q9YL,20Y9JJYQJ9,20P0P0Q9YL
3,2025-11-18 17:03:36 UTC,08PPRCPL90RG,20P0P0Q9YL,VYCQQV8Q2,20P0P0Q9YL
4,2025-11-16 16:17:07 UTC,08PPRJ00CRYR,20P0P0Q9YL,VPCR2G0JQ,20P0P0Q9YL
5,2025-11-16 16:10:20 UTC,08PPRJ000YG8,20P0P0Q9YL,20U2JLYYQ0,20P0P0Q9YL
6,2025-11-07 14:13:10 UTC,08PPRP2CY80Q,20P0P0Q9YL,20JP02LCLU,20P0P0Q9YL
7,2025-11-07 14:07:45 UTC,08PPRP2JJRPQ,20P0P0Q9YL,VPL0G8C9G,20P0P0Q9YL
8,2025-11-06 07:06:28 UTC,08PPR9PLQQPP,20P0P0Q9YL,20J9RJVPRP,20P0P0Q9YL
9,2025-11-06 07:02:37 UTC,08PPR9PLPLQJ,20P0P0Q9YL,20JY0P9UYJ,20P0P0Q9YL
10,2025-11-06 07:00:43 UTC,08PPR9PL8UL8,20P0P0Q9YL,20JP00RPCJ,20P0P0Q9YL
11,2025-11-06 06:57:54 UTC,08PPR9PL0LVG,20P0P0Q9YL,VYCP8PRQU,20P0P0Q9YL
12,2025-11-06 06:55:38 UTC,08PPR9PYUG0V,20P0P0Q9YL,20U8RLYGUV,20P0P0Q9YL
13,2025-11-06 06:52:55 UTC,08PPR9PYJP9Y,20P0P0Q9YL,VPYC0RQL8,20P0P0Q9YL
14,2025-11-06 06:51:35 UTC,08PPR9PYR8P0,20P0P0Q9YL,VYRC0G9CV,20P0P0Q9YL
15,2025-11-05 13:28:29 UTC,08PPR8CQ8UR2,20P0P0Q9YL,VYRR2QPYP,20P0P0Q9YL
16,2025-11-05 13:16:56 UTC,08PPR8CL08L0,20P0P0Q9YL,20U2GLRLR0,20P0P0Q9YL
17,2025-11-05 13:15:11 UTC,08PPR8CYCGC9,20P0P0Q9YL,20G9009YGR,20P0P0Q9YL
18,2025-11-05 13:13:45 UTC,08PPR8CYRGPR,20P0P0Q9YL,VVP8UCP8R,20P0P0Q9YL
19,2025-11-05 13:09:18 UTC,08PPR8CY9P29,20P0P0Q9YL,VPYCU90PR,20P0P0Q9YL
20,2025-11-01 16:48:59 UTC,08PPR0P9L9CR,20P0P0Q9YL,20Y2CJ889Y,20P0P0Q9YL
21,2025-11-01 16:45:58 UTC,08PPR0P90UR8,20P0P0Q9YL,VL2J0LJ89,20P0P0Q9YL
22,2025-10-27 13:01:28 UTC,08PPGJV99RP9,20P0P0Q9YL,VL2J99QQ8,20P0P0Q9YL
0,2025-11-17 13:58:28 UTC,00RPCUG990YC,VY902C8Y9,20J9V9VUYJ,VY902C8Y9
1,2025-11-16 09:25:43 UTC,00RPCCCVGVJR,VY902C8Y9,20U2LRJ8QP,VY902C8Y9
2,2025-11-16 09:23:10 UTC,00RPCCCVLU22,VY902C8Y9,VPU8RUR99,VY902C8Y9
3,2025-11-15 18:48:56 UTC,00RPCCLURJQY,VY902C8Y9,VYRY2PQCU,VY902C8Y9
4,2025-11-12 14:59:07 UTC,00RPCRL0UC9G,VY902C8Y9,VPYG29C8L,VY902C8Y9
7,2025-11-12 14:35:26 UTC,00RPCRYULRC0,VY902C8Y9,209UPCLJGL,VY902C8Y9
8,2025-11-12 14:30:57 UTC,00RPCRYU0Y9J,VY902C8Y9,VVP8UPVY8,VY902C8Y9
9,2025-11-12 10:00:35 UTC,00RPCRP9PRQQ,VY902C8Y9,VVP0PJCVJ,VY902C8Y9
10,2025-11-11 19:16:54 UTC,00RPCGVQ2QYU,VY902C8Y9,VL0QJR9RV,VY902C8Y9
0,2025-11-24 10:39:56 UTC,022PVPYU9YC0,QCJ8J80PQ,V2RV9J82U,QCJ8J80PQ
1,2025-11-21 14:14:08 UTC,022PV8Q90P2V,QCJ8J80PQ,V9JL082VY,QCJ8J80PQ
2,2025-11-21 14:12:42 UTC,022PV8Q8U0UG,QCJ8J80PQ,V9JL082VY,QCJ8J80PQ
3,2025-11-17 16:04:43 UTC,022PUVVVRP8L,QCJ8J80PQ,VPU98UC9U,QCJ8J80PQ
5,2025-11-17 15:54:37 UTC,022PUVVULQ9G,QCJ8J80PQ,VPYJ2Y92C,QCJ8J80PQ
6,2025-11-17 15:49:35 UTC,022PUVVCU9P2,QCJ8J80PQ,209UJJVLYR,QCJ8J80PQ
7,2025-11-17 15:45:52 UTC,022PUVVCL0U2,QCJ8J80PQ,20U2VRQV0Y,QCJ8J80PQ
11,2025-11-15 11:12:25 UTC,022PUUQUV9LC,QCJ8J80PQ,VPQJ8PRCV,QCJ8J80PQ
23,2025-11-14 15:44:26 UTC,022PUU0GRCQY,QCJ8J80PQ,20JP2Y2P9R,QCJ8J80PQ
24,2025-11-14 15:40:58 UTC,022PUU0G9V20,QCJ8J80PQ,VPYGVQ9CC,QCJ8J80PQ
26,2025-11-14 15:32:57 UTC,022PUU0QPYQJ,QCJ8J80PQ,20Y2JGPRQ2,QCJ8J80PQ
27,2025-11-14 15:28:14 UTC,022PUU0LJQ02,QCJ8J80PQ,VVP9C8UUY,QCJ8J80PQ
0,2025-11-19 19:53:29 UTC,00PPVUV9L8UP,V0YJYVQ9G,UJYYCRLCJ,V0YJYVQ9G
1,2025-11-19 12:46:46 UTC,080PJ8PG2PRG,"V0YJYVQ9G,VQUY28UJ0","V8CPC0G28,209J2G0CQ2",V0YJYVQ9G
2,2025-11-19 12:44:35 UTC,08PPRCCPYQUL,"V0YJYVQ9G,VQUY28UJ0","209J2G0CQ2,V8CPC0G28",V0YJYVQ9G
3,2025-11-19 12:40:13 UTC,09Y9CRCJVCU0,"V0YJYVQ9G,VQUY28UJ0","V8CPC0G28,209J2G0CQ2",V0YJYVQ9G
4,2025-11-19 12:36:01 UTC,09Y9CRCJGLPU,"V0YJYVQ9G,VQUY28UJ0","V8CPC0G28,209J2G0CQ2",V0YJYVQ9G
5,2025-11-19 12:31:31 UTC,09Y9CRCJ8C0G,V0YJYVQ9G,209J2G0CQ2,V0YJYVQ9G
6,2025-11-17 10:49:00 UTC,09Q9CGQVRUV0,V0YJYVQ9G,YYUG98029,V0YJYVQ9G
7,2025-11-17 05:23:02 UTC,09U9PUQY9VUY,V0YJYVQ9G,V8RG99Q9V,V0YJYVQ9G
0,2025-11-20 06:46:07 UTC,00LPU2CP80LJ,209J2G0CQ2,URYRU9GLJ,209J2G0CQ2
1,2025-11-20 06:43:29 UTC,00LPU2C9VCPC,209J2G0CQ2,URYRU9GLJ,209J2G0CQ2
2,2025-11-20 06:39:21 UTC,00LPU2C9JY8R,209J2G0CQ2,URYRU9GLJ,209J2G0CQ2
3,2025-11-20 06:35:11 UTC,00LPU2C9LCCY,209J2G0CQ2,URYRU9GLJ,209J2G0CQ2
4,2025-11-20 06:31:40 UTC,09Y9CJPJ0UCP,209J2G0CQ2,URYRU9GLJ,209J2G0CQ2
5,2025-11-20 06:26:42 UTC,09Y9CJPRJJUR,"209J2G0CQ2,20QRJV2YYV","VVQUP2Q89,V8RUUVVPG",209J2G0CQ2
6,2025-11-20 06:19:54 UTC,00LPU2C8G00R,209J2G0CQ2,URYRU9GLJ,209J2G0CQ2
7,2025-11-19 12:46:46 UTC,080PJ8PG2PRG,"V8CPC0G28,209J2G0CQ2","V0YJYVQ9G,VQUY28UJ0",209J2G0CQ2
8,2025-11-19 12:44:35 UTC,08PPRCCPYQUL,"209J2G0CQ2,V8CPC0G28","V0YJYVQ9G,VQUY28UJ0",209J2G0CQ2
9,2025-11-19 12:42:15 UTC,09Y9CRCC8LUL,209J2G0CQ2,V82YC82RL,209J2G0CQ2
10,2025-11-19 12:40:13 UTC,09Y9CRCJVCU0,"V8CPC0G28,209J2G0CQ2","V0YJYVQ9G,VQUY28UJ0",209J2G0CQ2
11,2025-11-19 12:36:01 UTC,09Y9CRCJGLPU,"V8CPC0G28,209J2G0CQ2","V0YJYVQ9G,VQUY28UJ0",209J2G0CQ2
12,2025-11-19 12:31:31 UTC,09Y9CRCJ8C0G,209J2G0CQ2,V0YJYVQ9G,209J2G0CQ2
26,2025-10-17 07:26:13 UTC,09Y9J8Y82CGL,209J2G0CQ2,20PGCYJCC2,209J2G0CQ2
0,2025-11-26 13:05:03 UTC,08PPJ8PGURUU,V8CPC0G28,VQUY28UJ0,V8CPC0G28
1,2025-11-26 12:58:48 UTC,08GPQJPV8U0L,V8CPC0G28,2099Q2LGPU,V8CPC0G28
2,2025-11-26 06:36:34 UTC,08PPJ88CV9LY,V8CPC0G28,R9GURCUQ8,V8CPC0G28
3,2025-11-26 05:32:46 UTC,02GPCQCV8JYL,V8CPC0G28,GLJ0RG2RP,V8CPC0G28
4,2025-11-24 10:01:48 UTC,00PY02V9GC8G,V8CPC0G28,V8P2GCJ2L,V8CPC0G28
5,2025-11-24 09:58:46 UTC,08PPJ208YU29,V8CPC0G28,V0LY8Y998,V8CPC0G28
6,2025-11-23 19:39:44 UTC,09Y9CUR9G08Y,V8CPC0G28,20CLLVQP0Q,V8CPC0G28
7,2025-11-23 19:38:03 UTC,08PPJ0RL80PV,V8CPC0G28,VPLY2QJQL,V8CPC0G28
8,2025-11-23 19:33:15 UTC,08PPJ0RYQC09,V8CPC0G28,20YVG8RJ9R,V8CPC0G28
9,2025-11-22 18:25:52 UTC,08PPRVVQCYV2,V8CPC0G28,VL0QYC9QR,V8CPC0G28
11,2025-11-22 17:04:50 UTC,08PPRVUCYVCV,V8CPC0G28,VVP9CQP9Q,V8CPC0G28
12,2025-11-22 17:01:25 UTC,08PPRVUJVUUY,V8CPC0G28,VL2Q8UR29,V8CPC0G28
13,2025-11-22 16:36:42 UTC,08PPRVUQCG9J,V8CPC0G28,20J9CJ9R88,V8CPC0G28
14,2025-11-22 11:45:08 UTC,08PPRVJP8Q2Q,V8CPC0G28,VPQLVG0GV,V8CPC0G28
15,2025-11-22 11:41:08 UTC,08PPRVJ9U089,V8CPC0G28,VPCCQ9LG0,V8CPC0G28
17,2025-11-22 11:01:29 UTC,08PPRVJ0JG2L,V8CPC0G28,VYCGJ8QQ9,V8CPC0G28
18,2025-11-22 10:57:58 UTC,08PPRVJ0LCPP,V8CPC0G28,VPYU2YL0V,V8CPC0G28
19,2025-11-22 10:54:49 UTC,08PPRVJ09YPG,V8CPC0G28,20JP0Q0CYJ,V8CPC0G28
20,2025-11-22 09:24:18 UTC,08PPRVRQCYC9,V8CPC0G28,VPU02Q28J,V8CPC0G28
21,2025-11-21 19:32:54 UTC,08PPRVPGLR8V,V8CPC0G28,VYRRG9L9R,V8CPC0G28
22,2025-11-21 19:30:48 UTC,08PPRVPG9808,V8CPC0G28,VPYCG9C2U,V8CPC0G28
26,2025-11-21 17:09:38 UTC,08PPRV9PCUVU,V8CPC0G28,209UG988GL,V8CPC0G28
27,2025-11-21 11:06:53 UTC,08PPRV0QJGU8,V8CPC0G28,VYRUYUJP9,V8CPC0G28
0,2025-11-28 10:20:29 UTC,09U9YYY2V9JR,20LUUUP9VC,20QGYPPVPJ,20LUUUP9VC
1,2025-11-28 10:18:15 UTC,0999U2PJGJQR,20LUUUP9VC,20RQ8CJG9C,20LUUUP9VC
2,2025-11-28 09:21:09 UTC,0999U2PLU22C,20LUUUP9VC,20CG0YQU8P,20LUUUP9VC
3,2025-11-27 20:19:10 UTC,0999U202VJP9,20LUUUP9VC,20LYC8PP9J,20LUUUP9VC
4,2025-11-27 19:39:31 UTC,00UPUYC0VVRL,20LUUUP9VC,RQVG8GPLG,20LUUUP9VC
5,2025-11-27 12:59:50 UTC,0999U0JRU88R,20LUUUP9VC,CCYQP89P2,20LUUUP9VC
6,2025-11-27 12:54:59 UTC,0999U0JRLY0Q,20LUUUP9VC,CCYQP89P2,20LUUUP9VC
7,2025-11-27 12:52:15 UTC,0999U0JR92QL,20LUUUP9VC,CCYQP89P2,20LUUUP9VC
8,2025-11-27 08:37:48 UTC,00CPUYLCLCY0,20LUUUP9VC,U990QPC22,20LUUUP9VC
9,2025-11-27 05:45:22 UTC,0999U0GRV0UU,20LUUUP9VC,CCYQP89P2,20LUUUP9VC
10,2025-11-26 06:46:30 UTC,0999U00YLV09,20LUUUP9VC,CCYQP89P2,20LUUUP9VC
11,2025-11-25 06:01:36 UTC,0999CVY9JU8R,20LUUUP9VC,20CQJU8QC9,20LUUUP9VC
15,2025-11-22 13:05:12 UTC,0999CCGVC92J,20LUUUP9VC,VPYGC2U9P,20LUUUP9VC
18,2025-11-21 05:44:57 UTC,0999CJCGL9CP,20LUUUP9VC,20Y8JC0L88,20LUUUP9VC
19,2025-11-21 05:44:02 UTC,0999CJCGYQUV,20LUUUP9VC,20G9PG2GC2,20LUUUP9VC
24,2025-11-18 14:14:01 UTC,0999CR2VUP2C,20LUUUP9VC,20J9VGVU00,20LUUUP9VC
26,2025-11-18 13:05:49 UTC,0999CR2LUG9J,20LUUUP9VC,20J9VR8LG0,20LUUUP9VC
0,2025-11-26 13:05:03 UTC,08PPJ8PGURUU,VQUY28UJ0,V8CPC0G28,VQUY28UJ0
0,2025-11-23 20:16:55 UTC,08CPQJ2RQLPP,VVYGRVPQV,20U890QLG2,VVYGRVPQV
1,2025-11-16 18:04:08 UTC,08CPQYQQC0JY,VVYGRVPQV,209UQQ2PYP,VVYGRVPQV
2,2025-11-16 17:56:00 UTC,08CPQYQLC8PP,VVYGRVPQV,VPVJU29PL,VVYGRVPQV
3,2025-11-16 17:52:02 UTC,08CPQYQLPYY8,VVYGRVPQV,209UGYY0V0,VVYGRVPQV
4,2025-11-14 14:26:56 UTC,08CPQP2QYUYQ,VVYGRVPQV,20GPCRQR2G,VVYGRVPQV
5,2025-11-12 20:24:14 UTC,08CPQ90CRURP,VVYGRVPQV,20Y2V8VQ9Y,VVYGRVPQV
6,2025-11-12 10:59:59 UTC,08CPQ8JJVYG9,VVYGRVPQV,20GPYUJ9JC,VVYGRVPQV
12,2025-11-11 08:59:37 UTC,08CPQ82JJ9PP,VVYGRVPQV,209UQLCJJ8,VVYGRVPQV
13,2025-11-11 08:58:12 UTC,08CPQ82JR82L,VVYGRVPQV,VVYCGL9CL,VVYGRVPQV
15,2025-11-11 08:48:34 UTC,08CPQ82J2CJJ,VVYGRVPQV,VVYCR9LQJ,VVYGRVPQV
24,2025-11-10 11:20:06 UTC,08CPQ2QCQ28R,VVYGRVPQV,20Y2C2U02L,VVYGRVPQV
25,2025-11-10 11:16:53 UTC,08CPQ2QC9VJV,VVYGRVPQV,209UPCGPCP,VVYGRVPQV
0,2025-11-21 15:28:30 UTC,08PPRV8L0V0P,20Y09009UU,20G9YVV8Q2,20Y09009UU
1,2025-11-21 15:24:51 UTC,08PPRV8YGJRQ,20Y09009UU,VPLPR9U89,20Y09009UU
2,2025-11-21 15:19:22 UTC,08PPRV8PVQP2,20Y09009UU,209V0RRPY9,20Y09009UU
3,2025-11-21 15:12:34 UTC,08PPRV8P8Q28,20Y09009UU,VL2RVVQG2,20Y09009UU
0,2025-11-25 16:18:43 UTC,08LPJ0CJ0PUR,20PLP08QL8,VYRJQ8CPJ,20PLP08QL8
1,2025-11-13 19:42:58 UTC,08LPRQ8UY8Q8,20PLP08QL8,VL2UUQULJ,20PLP08QL8
0,2025-11-27 19:14:26 UTC,08QPQVQGRLVC,U2QU2Q2QL,PRQCY0JYY,U2QU2Q2QL
1,2025-11-27 18:02:28 UTC,00PY0P2928QU,U2QU2Q2QL,20Q8YG9YLP,U2QU2Q2QL
2,2025-11-27 17:59:32 UTC,09R9YP80UYUQ,U2QU2Q2QL,20982YQR2R,U2QU2Q2QL
3,2025-11-27 17:55:53 UTC,00PY0P28P8JG,U2QU2Q2QL,V2VUQ0RG2,U2QU2Q2QL
4,2025-11-27 17:52:47 UTC,00PY0P22V0YL,U2QU2Q2QL,URV9JUYUP,U2QU2Q2QL
5,2025-11-27 04:58:50 UTC,00PY09JG9J8V,U2QU2Q2QL,V0LG8QRR2,U2QU2Q2QL
6,2025-11-27 04:53:31 UTC,00PY09JQVYLJ,U2QU2Q2QL,YCVCJVY0L,U2QU2Q2QL
7,2025-11-26 19:00:29 UTC,00PY09LJGRY2,U2QU2Q2QL,UYY0QVQY9,U2QU2Q2QL
8,2025-11-26 18:53:28 UTC,09R9Y9G0GCLL,U2QU2Q2QL,20YP2JVGVY,U2QU2Q2QL
9,2025-11-26 18:32:55 UTC,00PY09LQY922,U2QU2Q2QL,200QPRJ2LV,U2QU2Q2QL
10,2025-11-26 13:52:35 UTC,08QPQUJ9GV8L,U2QU2Q2QL,GRGQJRLC,U2QU2Q2QL
11,2025-11-26 12:36:34 UTC,00PY099JGQ92,U2QU2Q2QL,VVCLUVQPG,U2QU2Q2QL
12,2025-11-26 12:30:04 UTC,00PY099J0Q88,U2QU2Q2QL,V82Q0UR8P,U2QU2Q2QL
13,2025-11-26 12:27:22 UTC,00PY099RC9YU,U2QU2Q2QL,V99VPCRL2,U2QU2Q2QL
14,2025-11-26 12:23:54 UTC,09C9YPQLLYP2,U2QU2Q2QL,99YP2CJL2,U2QU2Q2QL
15,2025-11-26 12:17:34 UTC,00PY099GV9YY,U2QU2Q2QL,VQLUR2VLL,U2QU2Q2QL
16,2025-11-25 18:14:49 UTC,00PY08CY9GQQ,U2QU2Q2QL,Q09Q2CU0Y,U2QU2Q2QL
17,2025-11-25 12:53:01 UTC,00PY08GC8P82,U2QU2Q2QL,VGYRQCQY9,U2QU2Q2QL
18,2025-11-25 12:49:58 UTC,00PY08GJU889,U2QU2Q2QL,20VYRRU0LJ,U2QU2Q2QL
19,2025-11-25 12:33:23 UTC,00PY08GRP8RR,U2QU2Q2QL,20VYC8G9CQ,U2QU2Q2QL
20,2025-11-25 12:30:21 UTC,089PJ88CRUPP,U2QU2Q2QL,2LU008PCY,U2QU2Q2QL
21,2025-11-25 12:27:06 UTC,020PU9LGP90Y,U2QU2Q2QL,8L0ULU80L,U2QU2Q2QL
22,2025-11-25 12:23:25 UTC,00PY08GGY902,U2QU2Q2QL,20LYJ09V0C,U2QU2Q2QL
23,2025-11-25 12:20:44 UTC,00PY08GG2J09,U2QU2Q2QL,VQL222C08,U2QU2Q2QL
28,2025-11-24 18:45:37 UTC,00PY088PGUYQ,U2QU2Q2QL,VYRRRVGQ9,U2QU2Q2QL
0,2025-11-24 18:34:54 UTC,08CPQJGVG20Q,"U2QU2Q2QL,CC9JJL09V","JYJCYLUVL,VRPLCPGVU",U2QU2Q2QL
0,2025-11-28 05:17:59 UTC,08RPQV809UC0,2RYR98QRC,UGPLRLV0U,2RYR98QRC
1,2025-11-28 05:13:53 UTC,08RPQV800QL9,2RYR98QRC,922LLGP,2RYR98QRC
2,2025-11-28 05:03:20 UTC,09J9YYUCRV0P,2RYR98QRC,2QLPURGLG,2RYR98QRC
3,2025-11-28 05:00:03 UTC,09L9U2UJY8CU,2RYR98QRC,9800LVPQL,2RYR98QRC
4,2025-11-27 15:07:51 UTC,00PY09VJR9LC,2RYR98QRC,PG0G2JQQL,2RYR98QRC
5,2025-11-27 15:03:28 UTC,08RPQUJ0RYPJ,2RYR98QRC,98C022C29,2RYR98QRC
6,2025-11-27 14:58:05 UTC,08RPQUJ02Q99,2RYR98QRC,GP02UYR0G,2RYR98QRC
7,2025-11-27 14:56:26 UTC,08RPQURVV0U8,2RYR98QRC,CLQQU9U9V,2RYR98QRC
8,2025-11-27 14:52:27 UTC,09G9YPPQJLGL,2RYR98QRC,PLR28YPYP,2RYR98QRC
9,2025-11-27 12:08:58 UTC,08RPQUGULYP0,2RYR98QRC,V00J0C0GG,2RYR98QRC
10,2025-11-27 05:11:03 UTC,08RPQUQ0Q9J9,2RYR98QRC,8JJ9G0GLG,2RYR98QRC
11,2025-11-27 05:07:38 UTC,08RPQUQ0PQU0,2RYR98QRC,82RUPYCY,2RYR98QRC
12,2025-11-26 13:13:41 UTC,08RPQU0QQURR,2RYR98QRC,RL20Q9LUP,2RYR98QRC
13,2025-11-26 13:11:50 UTC,08RPQU0QYLVC,2RYR98QRC,UCRUL990L,2RYR98QRC
14,2025-11-26 13:05:18 UTC,08RPQU0LC8VQ,2RYR98QRC,VRPU00QVU,2RYR98QRC
15,2025-11-26 12:23:57 UTC,08U9V2VLYGG8,2RYR98QRC,QU9Y8PLG0,2RYR98QRC
16,2025-11-26 12:22:02 UTC,08RPQU090PU8,2RYR98QRC,CP992G8Q9,2RYR98QRC
17,2025-11-26 12:09:01 UTC,08CPQCRVVQLR,2RYR98QRC,880LC299R,2RYR98QRC
18,2025-11-26 05:14:20 UTC,08RPQCUY9UU9,2RYR98QRC,229QQ0RQJ,2RYR98QRC
19,2025-11-26 05:10:37 UTC,08RPQCUY0UJJ,2RYR98QRC,V8G22C0YL,2RYR98QRC
20,2025-11-26 05:00:26 UTC,082PJLQUVJUC,2RYR98QRC,YUR8CLCUR,2RYR98QRC
21,2025-11-26 04:57:24 UTC,09P9CUG2PG92,2RYR98QRC,PL288YQG,2RYR98QRC
22,2025-11-26 04:54:02 UTC,0909V8YRVC2L,2RYR98QRC,8VVL8VVVG,2RYR98QRC
23,2025-11-25 17:43:49 UTC,00GPU9QQ0CJ8,"2RYR98QRC,UV0L9QQUG","UJ2YYJ90,L00J9U28",2RYR98QRC
24,2025-11-25 17:40:26 UTC,080PJLYPRCLR,"UV0L9QQUG,2RYR98QRC","U29VU8U0L,UCPPJPQPG",2RYR98QRC
25,2025-11-25 17:35:30 UTC,08RPQCQJRGJU,2RYR98QRC,22LLGC9PY,2RYR98QRC
26,2025-11-25 14:52:19 UTC,09Y9CVRVULR2,2RYR98QRC,C89RLCYG9,2RYR98QRC
27,2025-11-25 12:45:23 UTC,08RPQCYQ2CPG,2RYR98QRC,U8QVGRY,2RYR98QRC
28,2025-11-25 12:42:18 UTC,02LPCYLL0URJ,2RYR98QRC,89V9G2YU0,2RYR98QRC
29,2025-11-25 12:37:01 UTC,08JPQU2982R9,2RYR98QRC,PYCQJ9LQP,2RYR98QRC
0,2025-11-23 08:41:41 UTC,08RPQJ0UYVP9,2RYR98QRC,YGPQ2R8C,2RYR98QRC
1,2025-11-21 18:52:15 UTC,08RPQR0QC2C8,2RYR98QRC,C0CUCV9G2,2RYR98QRC
0,2025-11-28 05:42:22 UTC,08V9V8C9PY22,QCYJYG9Q,VQYR2L8J9,QCYJYG9Q
1,2025-11-27 21:14:30 UTC,08V9V8G9Q9VC,QCYJYG9Q,20VYCG02J2,QCYJYG9Q
2,2025-11-27 21:10:44 UTC,08V9V8G92QGC,QCYJYG9Q,VYJ20JLQP,QCYJYG9Q
3,2025-11-27 21:05:41 UTC,08V9V8G8QJC8,QCYJYG9Q,VL80Q02YQ,QCYJYG9Q
4,2025-11-27 05:38:08 UTC,08V9V88PQVVU,QCYJYG9Q,VL2JP9VU0,QCYJYG9Q
5,2025-11-26 05:23:51 UTC,08V9V2QR0GUQ,QCYJYG9Q,VQ02J0R98,QCYJYG9Q
6,2025-11-25 14:20:54 UTC,08V9V22LPQQP,QCYJYG9Q,VYJ2P8Q8L,QCYJYG9Q
7,2025-11-25 14:16:42 UTC,08V9V22YUYP8,QCYJYG9Q,20LL892QCY,QCYJYG9Q
8,2025-11-25 14:12:57 UTC,08V9V22YLCC9,QCYJYG9Q,20VYVCRLYJ,QCYJYG9Q
9,2025-11-25 14:05:47 UTC,08V9V22PJYJ9,QCYJYG9Q,VQYQYVYV9,QCYJYG9Q
10,2025-11-25 14:01:49 UTC,08V9V22PPJPG,QCYJYG9Q,VYJ9LVGJP,QCYJYG9Q
11,2025-11-25 13:58:27 UTC,08V9V229VUJV,QCYJYG9Q,JYPLGURPU,QCYJYG9Q
12,2025-11-25 05:37:15 UTC,08V9V0UJY0CR,QCYJYG9Q,VYRUJ8VVC,QCYJYG9Q
14,2025-11-24 16:06:24 UTC,08V9V0QP22GV,QCYJYG9Q,VYJ82GQ2V,QCYJYG9Q
0,2025-11-28 10:12:49 UTC,089PJP200GJJ,VGRYPGGLC,20Y8QU0JJJ,VGRYPGGLC
1,2025-11-26 08:57:02 UTC,02UPJY2RLYJC,VGRYPGGLC,VJ2280GVP,VGRYPGGLC
28,2025-10-25 14:02:41 UTC,089PGJ0LLYCJ,VGRYPGGLC,VVPYQ0QQC,VGRYPGGLC
0,2025-11-27 17:31:34 UTC,00LPULGP9RGC,VV029VLCC,2R0JCL8PL,VV029VLCC
1,2025-11-24 18:13:17 UTC,08CPQJGC2PQ8,VV029VLCC,YQ0YRQVV,VV029VLCC
2,2025-11-24 18:08:51 UTC,00GPU8UQJQLQ,VV029VLCC,QUP9LYQ2L,VV029VLCC
0,2025-11-27 11:23:00 UTC,00CPUYQQUGLC,2002UGVQ9R,V8Y9GCQQY,2002UGVQ9R
1,2025-11-25 10:34:32 UTC,08CPQC0G2G9Y,2002UGVQ9R,20RJQ828UR,2002UGVQ9R
2,2025-11-24 19:15:07 UTC,08CPQJRP90GJ,2002UGVQ9R,V888888VR,2002UGVQ9R
3,2025-11-24 19:11:53 UTC,08CPQJR9CCPV,2002UGVQ9R,JQLRP82R,2002UGVQ9R
4,2025-11-24 19:06:20 UTC,08CPQJR98UPV,2002UGVQ9R,JQLRP82R,2002UGVQ9R
5,2025-11-24 19:03:09 UTC,08CPQJR8CJUP,2002UGVQ9R,JQLRP82R,2002UGVQ9R
6,2025-11-24 18:59:34 UTC,08CPQJR8YV8J,2002UGVQ9R,20CGPRJJVV,2002UGVQ9R
7,2025-11-24 18:56:11 UTC,08CPQJR80LY8,2002UGVQ9R,VL80QV0VP,2002UGVQ9R
8,2025-11-24 18:51:19 UTC,02CPJ9JYY2P0,2002UGVQ9R,JU2LRRPR9,2002UGVQ9R
9,2025-11-24 18:47:35 UTC,08CPQJR20GJQ,2002UGVQ9R,VYJ0UYPVQ,2002UGVQ9R
10,2025-11-24 18:43:24 UTC,08YPJ2UYLGVR,2002UGVQ9R,VY22C0QGY,2002UGVQ9R
11,2025-11-24 18:34:48 UTC,08CPQJGVQUCJ,2002UGVQ9R,20RQQ2YG0C,2002UGVQ9R
12,2025-11-24 18:31:28 UTC,020PU909QUJ9,2002UGVQ9R,JR2QVCC0J,2002UGVQ9R
13,2025-11-24 18:26:00 UTC,08CPQJGUQJU9,2002UGVQ9R,20CG08R02L,2002UGVQ9R
14,2025-11-24 18:20:04 UTC,022PVPGQQCGC,2002UGVQ9R,QLPP090QY,2002UGVQ9R
15,2025-11-24 18:16:55 UTC,08CPQJGCQ2RU,2002UGVQ9R,U02QLP2CC,2002UGVQ9R
16,2025-11-24 18:13:18 UTC,08CPQJGC2PUU,2002UGVQ9R,VQL0V8LPL,2002UGVQ9R
17,2025-11-24 18:08:36 UTC,08CPQJGJQU88,2002UGVQ9R,200G9G2G8Y,2002UGVQ9R
18,2025-11-24 18:03:58 UTC,08CPQJGJ0YJV,2002UGVQ9R,202G8LUQRL,2002UGVQ9R
19,2025-11-24 18:00:20 UTC,02UPJP20VGPY,2002UGVQ9R,VUCV9CQRG,2002UGVQ9R
20,2025-11-24 17:56:43 UTC,08CPQJGR8CLQ,2002UGVQ9R,20VYJ99JUL,2002UGVQ9R
21,2025-11-24 16:45:15 UTC,08JPQCG0P9Y9,2002UGVQ9R,VQ2QLLQP8,2002UGVQ9R
22,2025-11-24 14:09:34 UTC,08CPQJLV0Q08,2002UGVQ9R,202QJLRJCC,2002UGVQ9R
0,2025-11-27 07:04:34 UTC,00JPULQ8J28C,UL8V2JVQ,JYQJVUL08,UL8V2JVQ
29,2025-11-06 10:20:55 UTC,0999C2LPP089,UL8V2JVQ,VV9VVYR9Y,UL8V2JVQ
0,2025-11-25 18:14:07 UTC,08PPJ2U8PQVV,8GG9GG8V8,PY0UG2RU,8GG9GG8V8
1,2025-11-25 18:09:54 UTC,08PPJ2U2CJ0P,8GG9GG8V8,VL8000Q8G,8GG9GG8V8
2,2025-11-25 13:22:49 UTC,08GPQRJ9YYCL,8GG9GG8V8,J99V2PC8U,8GG9GG8V8
3,2025-11-25 13:18:56 UTC,08PPJ2RJVCGG,8GG9GG8V8,PR8R0GLR,8GG9GG8V8
27,2025-10-22 16:35:28 UTC,08PPGQQGYJLY,8GG9GG8V8,20RJVRR0VU,8GG9GG8V8
0,2025-11-28 06:10:58 UTC,002Y0YGUJU08,JCRVCQV9C,VYJ0UY892,JCRVCQV9C
1,2025-11-27 21:51:14 UTC,09P9CVR0U9JR,JCRVCQV9C,L8RVGC8CP,JCRVCQV9C
2,2025-11-27 21:48:00 UTC,002Y0YYVC8Q0,JCRVCQV9C,VYRJJU8VC,JCRVCQV9C
3,2025-11-27 21:13:50 UTC,0929V99VR9LR,JCRVCQV9C,GLL8QPC9Y,JCRVCQV9C
4,2025-11-27 21:08:38 UTC,002Y0YYRYYQ8,JCRVCQV9C,200G8L8GQR,JCRVCQV9C
5,2025-11-27 19:05:02 UTC,002Y0YPGCC2L,JCRVCQV9C,R29U9QG82,JCRVCQV9C
6,2025-11-27 18:26:31 UTC,002Y0YPP92LU,JCRVCQV9C,9RLVRCU80,JCRVCQV9C
7,2025-11-27 18:22:46 UTC,002Y0YP9JC8G,JCRVCQV9C,VYRC9GPU8,JCRVCQV9C
8,2025-11-27 13:23:58 UTC,002Y0Y2UG0JY,JCRVCQV9C,200GYJJR0Y,JCRVCQV9C
9,2025-11-26 18:49:23 UTC,002Y0PRG2RPQ,JCRVCQV9C,UQUQVU29G,JCRVCQV9C
10,2025-11-26 13:28:26 UTC,002Y0PQ0Q009,JCRVCQV9C,82CLQVJY0,JCRVCQV9C
11,2025-11-26 05:01:38 UTC,02RPCQJGLV2R,JCRVCQV9C,R8GGPLC2V,JCRVCQV9C
12,2025-11-25 12:55:37 UTC,002Y09CCQQCQ,JCRVCQV9C,VC08RLVP,JCRVCQV9C
13,2025-11-25 12:52:14 UTC,002Y09CC90RR,JCRVCQV9C,VL2VCUCCU,JCRVCQV9C
14,2025-11-25 10:05:30 UTC,002Y09JCC2L0,JCRVCQV9C,200G99RLP8,JCRVCQV9C
0,2025-11-20 06:08:54 UTC,02CPJ0C9QRL0,88LLUYJLY,VPYR2JUGL,88LLUYJLY
1,2025-11-20 06:06:06 UTC,02CPJ0C9YL09,88LLUYJLY,VL2VP0LCP,88LLUYJLY
0,2025-11-19 17:25:29 UTC,08U9UCRG22R9,RUL0RJUU2,202R8YCRJ0,RUL0RJUU2
1,2025-11-19 17:20:08 UTC,02CPJ0LYJ9UR,RUL0RJUU2,VR0R9G8L9,RUL0RJUU2
2,2025-11-19 17:16:51 UTC,02CPJ0LYY8Y0,RUL0RJUU2,VY9YVV2J8,RUL0RJUU2
3,2025-11-19 17:13:15 UTC,00GPCVR00VP8,RUL0RJUU2,UJU2UPQ98,RUL0RJUU2
4,2025-11-19 16:20:34 UTC,02CPJ0YUVRJ2,RUL0RJUU2,LL28QQUG8,RUL0RJUU2
5,2025-11-19 16:16:14 UTC,02CPJ0YULJV2,RUL0RJUU2,V2RRCJRUQ,RUL0RJUU2
6,2025-11-19 15:37:54 UTC,09Q9CRVRLP8C,RUL0RJUU2,20RV8UYGP2,RUL0RJUU2
7,2025-11-19 15:33:30 UTC,02CPJ0YQGJCR,RUL0RJUU2,8802V9JR9,RUL0RJUU2
8,2025-11-19 15:30:29 UTC,00PPVUC2UUVP,RUL0RJUU2,UV0UVYVU0,RUL0RJUU2
9,2025-11-19 15:27:04 UTC,02CPJ0YLUR8R,RUL0RJUU2,V8J2VGV9J,RUL0RJUU2
0,2025-11-19 15:23:27 UTC,09Y9CRUVYYL0,RUL0RJUU2,VRCRCCC0C,RUL0RJUU2
1,2025-11-19 15:21:35 UTC,02CPJ0YLP0GL,RUL0RJUU2,V8QPGV9CJ,RUL0RJUU2
2,2025-11-19 15:16:18 UTC,08RPQQGUUPQL,RUL0RJUU2,29GLU9RJV,RUL0RJUU2
3,2025-11-19 14:21:48 UTC,08QPQG9CJ0RR,RUL0RJUU2,VC8Q09QR2,RUL0RJUU2
4,2025-11-19 14:18:28 UTC,02CPJ0PVGP0Q,RUL0RJUU2,LYPPYC8Y9,RUL0RJUU2
5,2025-11-19 14:15:11 UTC,02CPJ0PV9L2V,RUL0RJUU2,VYCYRVYCU,RUL0RJUU2
6,2025-11-19 14:11:16 UTC,02CPJ0PUCJ09,RUL0RJUU2,CR0URR8CC,RUL0RJUU2
2,2025-11-16 15:41:54 UTC,02CPRULJPJ20,RUL0RJUU2,VVP2RJ8GP,RUL0RJUU2
4,2025-11-16 15:34:55 UTC,02CPRULRQ2Q8,RUL0RJUU2,VVPPRLP8V,RUL0RJUU2
0,2025-11-12 08:07:44 UTC,02CPRRJ2PRR8,RUL0RJUU2,U008VUCGY,RUL0RJUU2
1,2025-11-19 20:37:54 UTC,09C9Y0LJQJRL,20YQURC2P2,20JRVVGY8U,20YQURC2P2
0,2025-11-23 13:55:22 UTC,00GPU8829LL2,C9JCJGQUP,VPYUP99JC,C9JCJGQUP
1,2025-11-23 13:52:22 UTC,00GPU880V0JC,C9JCJGQUP,VPYCPGV9Q,C9JCJGQUP
2,2025-11-23 13:48:08 UTC,00GPU880Q0YV,C9JCJGQUP,VPYVPR0UU,C9JCJGQUP
3,2025-11-23 13:44:26 UTC,00GPU8802RJV,C9JCJGQUP,209UQG0V0J,C9JCJGQUP
4,2025-11-15 16:30:08 UTC,00GPCC0J8J02,C9JCJGQUP,VVP2VQUUJ,C9JCJGQUP
7,2025-11-15 16:19:36 UTC,00GPCC0GUL9U,C9JCJGQUP,VPLUV29P0,C9JCJGQUP
8,2025-11-15 16:14:33 UTC,00GPCC0G9J88,C9JCJGQUP,VPL8QRJ9V,C9JCJGQUP
12,2025-11-15 07:32:43 UTC,00GPCJCYP9JV,C9JCJGQUP,VPYVVLLV0,C9JCJGQUP
15,2025-11-09 09:50:46 UTC,00GPCQ0UC2GY,C9JCJGQUP,20U2JP80GV,C9JCJGQUP
17,2025-11-08 15:07:15 UTC,00GPCLQL8CU9,C9JCJGQUP,VVP2R2VR9,C9JCJGQUP
18,2025-11-08 15:04:17 UTC,00GPCLQYCU00,C9JCJGQUP,VPCVC8GCG,C9JCJGQUP
20,2025-11-08 14:57:22 UTC,00GPCLQY0P82,C9JCJGQUP,VPL0GJ22R,C9JCJGQUP
21,2025-11-08 14:54:01 UTC,00GPCLQPGRLC,C9JCJGQUP,VVP2VQUUJ,C9JCJGQUP
23,2025-11-08 13:42:11 UTC,00GPCLLJLU9Q,C9JCJGQUP,VVY228QCY,C9JCJGQUP
24,2025-11-08 13:39:09 UTC,00GPCLLJ89J2,C9JCJGQUP,VPYUPGVLL,C9JCJGQUP
25,2025-11-08 11:53:48 UTC,00GPCLL02RQR,C9JCJGQUP,20Y2G8PVG0,C9JCJGQUP
26,2025-11-08 11:50:31 UTC,00GPCLYVCURU,C9JCJGQUP,VPYRUPYGR,C9JCJGQUP
28,2025-11-08 11:43:33 UTC,00GPCLYV9CCC,C9JCJGQUP,VYJ980JU0,C9JCJGQUP
0,2025-11-14 17:20:16 UTC,00QPCU2U8LPL,VPCUUR80Q,C9JCJGQUP,VPCUUR80Q
1,2025-11-14 17:16:56 UTC,00QPCU2CJC8L,VPCUUR80Q,C9JCJGQUP,VPCUUR80Q
2,2025-11-10 09:40:48 UTC,00QPCRL29R0Q,VPCUUR80Q,VPCV0QUU8,VPCUUR80Q
3,2025-11-10 09:37:56 UTC,00QPCRL22YLV,VPCUUR80Q,VPU2JY8LU,VPCUUR80Q
4,2025-11-10 09:34:35 UTC,00QPCRL0UJQY,VPCUUR80Q,209UQPLLL8,VPCUUR80Q
5,2025-11-10 09:28:40 UTC,00QPCRL0G0VU,VPCUUR80Q,VPVRLQC0U,VPCUUR80Q
6,2025-11-09 15:46:16 UTC,00QPCGVPYLYR,VPCUUR80Q,VPUVQLJP2,VPCUUR80Q
7,2025-11-09 15:36:59 UTC,00QPCGV99RRU,VPCUUR80Q,VYRQJ222G,VPCUUR80Q
8,2025-11-09 15:34:55 UTC,00QPCGV908JU,VPCUUR80Q,209UUGGQRY,VPCUUR80Q
10,2025-11-09 15:28:36 UTC,00QPCGV89G00,VPCUUR80Q,20Y80UUGCU,VPCUUR80Q
11,2025-11-09 15:20:08 UTC,00QPCGV29PCY,VPCUUR80Q,VVPL2GULG,VPCUUR80Q
13,2025-11-07 19:10:05 UTC,00QPCQJ8LR02,VPCUUR80Q,209ULLUU9P,VPCUUR80Q
14,2025-11-07 19:08:43 UTC,00QPCQJ8PYVG,VPCUUR80Q,VYRV2UJJV,VPCUUR80Q
16,2025-11-07 18:52:59 UTC,00QPCQJ0LC9U,VPCUUR80Q,20J9RYLUV9,VPCUUR80Q
17,2025-11-07 18:49:02 UTC,00QPCQJ00P00,VPCUUR80Q,VPYGVVGRP,VPCUUR80Q
18,2025-11-07 18:45:52 UTC,00QPCQRVR2YL,VPCUUR80Q,VL2UYRC8L,VPCUUR80Q
19,2025-11-07 18:42:28 UTC,00QPCQRV9LC0,VPCUUR80Q,VL89VYYVP,VPCUUR80Q
20,2025-11-07 18:38:57 UTC,00QPCQRUCRJ9,VPCUUR80Q,20Y8080Y9Y,VPCUUR80Q
21,2025-11-07 18:33:25 UTC,00QPCQRU8R0Y,VPCUUR80Q,VYJYVLC8J,VPCUUR80Q
22,2025-11-07 18:29:14 UTC,00QPCQRCRJ0C,VPCUUR80Q,VL2RQ92C8,VPCUUR80Q
23,2025-11-07 18:24:38 UTC,00QPCQRC2VVU,VPCUUR80Q,VYJY09VJG,VPCUUR80Q
24,2025-11-07 18:20:38 UTC,00QPCQRJRPPY,VPCUUR80Q,VPUYQUQ9U,VPCUUR80Q
25,2025-11-07 18:14:45 UTC,00QPCQRRVLQ2,VPCUUR80Q,VYRV0VC9Y,VPCUUR80Q
28,2025-11-02 12:51:41 UTC,00QPCP9G992V,VPCUUR80Q,VYRCYJJRV,VPCUUR80Q
29,2025-11-02 12:45:57 UTC,00QPCP9QRCYR,VPCUUR80Q,VPU022LCL,VPCUUR80Q
1,2025-11-16 07:08:40 UTC,0909UJ2GQUP2,QUQ8PRQJJ,V89VUL22U,QUQ8PRQJJ
2,2025-11-12 15:38:48 UTC,00VPCJ02UP0J,QUQ8PRQJJ,UVG8JYC8V,QUQ8PRQJJ
3,2025-11-12 15:37:01 UTC,00PPVG9GLGY8,QUQ8PRQJJ,V0P0CYJ2L,QUQ8PRQJJ
0,2025-11-27 16:21:33 UTC,00PY0P0Y0U2V,UQ2JGYQ28,VV89C80LG,UQ2JGYQ28
1,2025-11-27 16:19:03 UTC,020PUPU2R8U2,UQ2JGYQ28,V2CC0C0Y0,UQ2JGYQ28
2,2025-11-27 16:14:56 UTC,002Y0Y98GJ80,UQ2JGYQ28,V8YLLJ9CC,UQ2JGYQ28
3,2025-11-27 16:10:44 UTC,00PY0P09C2QQ,UQ2JGYQ28,VY82QJPRY,UQ2JGYQ28
4,2025-11-27 16:06:41 UTC,00PY0P09PRQY,UQ2JGYQ28,VYRCUQ9JV,UQ2JGYQ28
5,2025-11-25 13:51:11 UTC,00PY08R909RU,UQ2JGYQ28,20Y8R2Y9YG,UQ2JGYQ28
7,2025-11-23 08:13:59 UTC,00PY029QUR2P,UQ2JGYQ28,VPL88QRVR,UQ2JGYQ28
12,2025-11-23 07:52:56 UTC,00PY029LJYLP,UQ2JGYQ28,VPYUQ8JVV,UQ2JGYQ28
16,2025-11-22 05:35:14 UTC,00PY00QLQLPR,UQ2JGYQ28,VPQQG2Y88,UQ2JGYQ28
18,2025-11-20 14:51:48 UTC,00PPVVYRUJJY,UQ2JGYQ28,VPYUU2QGY,UQ2JGYQ28
22,2025-11-20 14:35:55 UTC,00PPVVYG808J,UQ2JGYQ28,VYRCLL9UV,UQ2JGYQ28
26,2025-11-20 12:44:59 UTC,00PPVVPJQCVJ,UQ2JGYQ28,VVP2V9UJL,UQ2JGYQ28
29,2025-11-19 16:16:00 UTC,00PPVUCQ2990,UQ2JGYQ28,VPYU0QVYG,UQ2JGYQ28
0,2025-11-26 16:32:34 UTC,02RPCG0Y00GP,VC0YGQCY2,U2LGCUPV2,VC0YGQCY2
1,2025-11-26 16:27:44 UTC,02VPJLYQC88V,VC0YGQCY2,RYQGR8CL8,VC0YGQCY2
2,2025-11-26 16:24:26 UTC,02VPJLYQYC90,VC0YGQCY2,UC98PCQRL,VC0YGQCY2
3,2025-11-25 14:44:25 UTC,08LPJ0JV9P2U,VC0YGQCY2,208PUJJ8YP,VC0YGQCY2
4,2025-11-25 14:40:29 UTC,02YPURQQVCYL,VC0YGQCY2,V2C2PQVV2,VC0YGQCY2
5,2025-11-25 12:56:00 UTC,02VPJYR092G9,VC0YGQCY2,20GRLV9CPV,VC0YGQCY2
6,2025-11-25 12:50:24 UTC,02GPCQPVJVQG,VC0YGQCY2,U8URG90J8,VC0YGQCY2
7,2025-11-24 16:25:17 UTC,0909V2YGR8UP,VC0YGQCY2,20RQVVYCV0,VC0YGQCY2
8,2025-11-24 16:22:11 UTC,009Y09PG0G8C,VC0YGQCY2,UCPRPJJRV,VC0YGQCY2
9,2025-11-24 16:16:59 UTC,0989V02C0QU9,VC0YGQCY2,20RLCPJ080,VC0YGQCY2
10,2025-11-24 16:12:36 UTC,080PJYRYYJ89,VC0YGQCY2,V22U9JRJU,VC0YGQCY2
11,2025-11-24 16:07:16 UTC,02QPCYL8C9YP,VC0YGQCY2,VYYPY9GPY,VC0YGQCY2
19,2025-11-08 07:13:07 UTC,02VPRGG022JL,VC0YGQCY2,VL2LYVY2V,VC0YGQCY2
20,2025-11-04 16:32:06 UTC,02VPRL90G2JV,VC0YGQCY2,VVPPYGR8C,VC0YGQCY2
0,2025-11-27 17:35:02 UTC,00YPUY0UJCGG,QQ9PJGUUV,VQYRYRGJ2,QQ9PJGUUV
1,2025-11-27 17:28:05 UTC,00YPUY0CVPR2,QQ9PJGUUV,VL2U8URCL,QQ9PJGUUV
2,2025-11-26 19:14:41 UTC,00YPUPLUUVC9,QQ9PJGUUV,V8RRGPPR0,QQ9PJGUUV
6,2025-11-23 07:51:44 UTC,00YPU89UGG28,QQ9PJGUUV,VV9VL8PC8,QQ9PJGUUV
11,2025-11-22 07:29:25 UTC,00YPU2GL8JR2,QQ9PJGUUV,VPYGUJLPR,QQ9PJGUUV
12,2025-11-22 07:24:45 UTC,00YPU2GYV2VU,QQ9PJGUUV,VPYCY8RR9,QQ9PJGUUV
13,2025-11-22 07:20:09 UTC,00YPU2GYRG9Q,QQ9PJGUUV,VPVLR0JYL,QQ9PJGUUV
14,2025-11-20 17:02:29 UTC,00YPU0QQY0LP,QQ9PJGUUV,VL80UPY8L,QQ9PJGUUV
15,2025-11-20 16:59:21 UTC,00YPU0QLVC9Q,QQ9PJGUUV,VPYU8J8QU,QQ9PJGUUV
16,2025-11-20 16:49:30 UTC,00YPU0QYCYR0,QQ9PJGUUV,VPYVU90RP,QQ9PJGUUV
18,2025-11-20 15:49:07 UTC,00YPU0LUGGCG,QQ9PJGUUV,VPYRVRC9G,QQ9PJGUUV
19,2025-11-19 17:55:44 UTC,00YPCVV2J2L9,QQ9PJGUUV,VPCUGQP8V,QQ9PJGUUV
20,2025-11-19 17:52:48 UTC,00YPCVV2YGP8,QQ9PJGUUV,VL8QV00CV,QQ9PJGUUV
21,2025-11-19 17:49:01 UTC,00YPCVV0VJL2,QQ9PJGUUV,209UGC9GU8,QQ9PJGUUV
22,2025-11-19 17:45:48 UTC,00YPCVV0GU8Q,QQ9PJGUUV,VPL08C0RY,QQ9PJGUUV
23,2025-11-19 17:42:11 UTC,00YPCVV09PQ9,QQ9PJGUUV,VYRV0JUJP,QQ9PJGUUV
24,2025-11-19 17:40:17 UTC,00YPCVV00PRG,QQ9PJGUUV,VPYV90RL9,QQ9PJGUUV
29,2025-10-31 19:57:32 UTC,00YPC2JUYLVY,QQ9PJGUUV,VL0J29JQV,QQ9PJGUUV
0,2025-11-28 08:38:21 UTC,00PY0PLRCPRC,V882PGPJG,VPUQVU0GU,V882PGPJG
1,2025-11-28 08:32:54 UTC,020PUYPYQRJC,V882PGPJG,V8UG0CP2G,V882PGPJG
2,2025-11-28 08:31:17 UTC,0909V9J8PQY2,V882PGPJG,VUGG0QRPL,V882PGPJG
3,2025-11-28 07:11:44 UTC,00PY0PLPGQ98,V882PGPJG,P9JGRCC8P,V882PGPJG
4,2025-11-28 07:08:56 UTC,00PY0PLPL2YG,V882PGPJG,20YVUR090R,V882PGPJG
5,2025-11-28 07:05:31 UTC,08LPJ8QYLGR9,V882PGPJG,208GC08QV0,V882PGPJG
6,2025-11-27 13:26:39 UTC,09Q9U0V9PC2Q,V882PGPJG,VCV2VPUUR,V882PGPJG
7,2025-11-27 13:22:31 UTC,00PY09V008VQ,V882PGPJG,VQLU8PPRG,V882PGPJG
8,2025-11-26 14:29:58 UTC,08YPJ90LQ8UG,V882PGPJG,VCV9CLUJY,V882PGPJG
9,2025-11-26 14:26:02 UTC,00PY09PQ2UPL,V882PGPJG,20CG22RU2P,V882PGPJG
10,2025-11-26 05:52:18 UTC,00PY092V0LCQ,V882PGPJG,JG8YYQQGR,V882PGPJG
11,2025-11-26 05:48:24 UTC,0929V89L2YCU,V882PGPJG,20LQVVJQUQ,V882PGPJG
12,2025-11-26 05:43:32 UTC,08JPQUGP2GYC,V882PGPJG,20YUL8GVJL,V882PGPJG
13,2025-11-25 06:36:24 UTC,00PY08LUQU00,V882PGPJG,VLVU9RGRU,V882PGPJG
17,2025-11-24 17:15:55 UTC,00PY082G8G0G,V882PGPJG,20VYRLGUPY,V882PGPJG
19,2025-11-24 17:08:42 UTC,00PY082QPJJG,V882PGPJG,20Y8Y0P8L8,V882PGPJG
0,2025-11-26 08:13:12 UTC,0909V8LQCCRG,209C2QVU22,20J2C98L2P,209C2QVU22
1,2025-11-25 07:52:50 UTC,08LPJ0GG2QP9,209C2QVU22,QJLCY29UL,209C2QVU22
2,2025-11-24 08:26:56 UTC,08PPJ0VC8R2Y,209C2QVU22,202RU98YQJ,209C2QVU22
3,2025-11-24 08:22:44 UTC,08RPQJRCC28P,209C2QVU22,UUVU0QYRC,209C2QVU22
16,2025-11-20 10:38:19 UTC,08CPQQCG809Y,209C2QVU22,VPYJ0VVVQ,209C2QVU22
17,2025-11-18 21:33:05 UTC,08CPQLUVQLYY,209C2QVU22,VPL02UCQQ,209C2QVU22
23,2025-11-18 08:25:41 UTC,08CPQLQQPP9P,209C2QVU22,209UGVG2YP,209C2QVU22
25,2025-11-10 12:06:36 UTC,08CPQ2G20882,209C2QVU22,209URQ822V,209C2QVU22
0,2025-11-28 08:42:52 UTC,088PJ9RL0C22,VVCQRRCYP,20Y8C98GVJ,VVCQRRCYP
1,2025-11-25 16:01:27 UTC,088PJ2V8LUJY,VVCQRRCYP,200GYLJ2QP,VVCQRRCYP
2,2025-11-25 15:58:48 UTC,088PJ2V88QG9,VVCQRRCYP,V80RLQL9Q,VVCQRRCYP
3,2025-11-25 15:57:17 UTC,029PUR08CULL,VVCQRRCYP,V80RLQL9Q,VVCQRRCYP
4,2025-11-25 15:51:28 UTC,088PJ2V2PY2L,VVCQRRCYP,VLQP8YLRL,VVCQRRCYP
6,2025-11-17 05:25:28 UTC,088PRJQ9LC8R,VVCQRRCYP,209URR0CVV,VVCQRRCYP
9,2025-11-16 11:19:03 UTC,088PRRVCQPPR,VVCQRRCYP,VPYJLPJ8Y,VVCQRRCYP
29,2025-11-12 17:41:45 UTC,088PRQGLC8PP,VVCQRRCYP,209ULCP9RG,VVCQRRCYP
0,2025-11-26 16:44:14 UTC,029PURRQ2ULC,V80RLQL9Q,VLULL00QV,V80RLQL9Q
1,2025-11-26 16:39:32 UTC,029PURRLG998,V80RLQL9Q,VYU0RU0YU,V80RLQL9Q
2,2025-11-26 16:31:19 UTC,029PURRYGV8C,V80RLQL9Q,VQ0V09JLV,V80RLQL9Q
3,2025-11-25 16:02:15 UTC,02YPURG99QLY,V80RLQL9Q,JLURGQQYR,V80RLQL9Q
4,2025-11-25 15:58:48 UTC,088PJ2V88QG9,V80RLQL9Q,VVCQRRCYP,V80RLQL9Q
5,2025-11-25 15:57:17 UTC,029PUR08CULL,V80RLQL9Q,VVCQRRCYP,V80RLQL9Q
6,2025-11-25 15:53:24 UTC,029PUR08YG9C,V80RLQL9Q,ULR0C8QLC,V80RLQL9Q
16,2025-11-16 17:55:33 UTC,029PU99U8UGR,V80RLQL9Q,VVP2VQUUV,V80RLQL9Q
17,2025-11-16 17:48:43 UTC,029PU99CPRG9,V80RLQL9Q,VPCUCRUQJ,V80RLQL9Q
18,2025-11-16 17:45:17 UTC,029PU99JUJ2C,V80RLQL9Q,VYC9C82YG,V80RLQL9Q
19,2025-11-14 16:02:12 UTC,029PU2ULQLLV,V80RLQL9Q,VPLJJ98GR,V80RLQL9Q
20,2025-11-14 15:57:42 UTC,029PU2UYVCRL,V80RLQL9Q,20Y88CVRGQ,V80RLQL9Q
0,2025-11-27 15:07:02 UTC,00GPUPRURRY2,20LJJUVCQV,RQQPU29RL,20LJJUVCQV
1,2025-11-27 15:03:40 UTC,09R9YP0RY9PR,20LJJUVCQV,P8VC8Y2U2,20LJJUVCQV
2,2025-11-27 14:59:55 UTC,020PUPCLC9YL,20LJJUVCQV,UJ2YQYGY0,20LJJUVCQV
3,2025-11-27 14:53:53 UTC,08YPJ9RLCC9C,20LJJUVCQV,UVJQYYYPV,20LJJUVCQV
4,2025-11-27 14:50:18 UTC,089PJ9QG8Q2J,20LJJUVCQV,VVPUVLQCR,20LJJUVCQV
5,2025-11-27 14:46:09 UTC,09R9YP0QGGPR,20LJJUVCQV,V2UJ2QVV9,20LJJUVCQV
6,2025-11-27 14:43:43 UTC,09L9U2LJPCL0,20LJJUVCQV,20G8LG2P8U,20LJJUVCQV
7,2025-11-27 04:52:23 UTC,02PPUJJQRLQY,20LJJUVCQV,U8GYCLCY0,20LJJUVCQV
8,2025-11-26 19:33:30 UTC,09R9Y9GY0C09,20LJJUVCQV,CV0RLYGJV,20LJJUVCQV
9,2025-11-26 19:31:28 UTC,09R9Y9GPCR8V,20LJJUVCQV,VPCPJYVU2,20LJJUVCQV
10,2025-11-26 19:29:12 UTC,09R9Y9GPG2JR,20LJJUVCQV,URPGRLCYG,20LJJUVCQV
11,2025-11-26 17:10:46 UTC,09R9Y9Q9920P,20LJJUVCQV,209VGLP08Q,20LJJUVCQV
12,2025-11-26 17:08:36 UTC,08QPQUCC02RJ,20LJJUVCQV,209VGLP08Q,20LJJUVCQV
13,2025-11-26 17:04:49 UTC,09R9Y9Q8QVPC,20LJJUVCQV,209VGLP08Q,20LJJUVCQV
14,2025-11-26 17:02:08 UTC,08QPQUCJ9UCP,20LJJUVCQV,209VGLP08Q,20LJJUVCQV
15,2025-11-26 16:58:59 UTC,09R9Y9Q2UVJL,20LJJUVCQV,209VGLP08Q,20LJJUVCQV
16,2025-11-26 16:54:56 UTC,09R9Y9Q2LJ0Y,20LJJUVCQV,209VGLP08Q,20LJJUVCQV
17,2025-11-26 16:52:37 UTC,09R9Y9Q298Y0,20LJJUVCQV,209VGLP08Q,20LJJUVCQV
18,2025-11-26 16:49:57 UTC,09R9Y9Q0UV92,20LJJUVCQV,209VGLP08Q,20LJJUVCQV
19,2025-11-26 14:54:13 UTC,00YPUPPC8LV9,20LJJUVCQV,UQUYQ9C8Y,20LJJUVCQV
20,2025-11-26 14:50:40 UTC,00YPUPPJC8RL,20LJJUVCQV,U82CLJUQ9,20LJJUVCQV
21,2025-11-26 14:45:24 UTC,02CPJPUQ0UQY,20LJJUVCQV,UPLV2YULV,20LJJUVCQV
22,2025-11-26 14:41:38 UTC,09R9Y9L28RPC,20LJJUVCQV,UVUV92VL8,20LJJUVCQV
23,2025-11-26 14:37:34 UTC,09R9Y9L0JVUJ,20LJJUVCQV,PJLY9U2VR,20LJJUVCQV
24,2025-11-26 14:33:53 UTC,09R9Y9L0YUUJ,20LJJUVCQV,20QYYVPGPP,20LJJUVCQV
25,2025-11-26 14:29:11 UTC,00LPUYU0R00G,20LJJUVCQV,V8CRV9GYG,20LJJUVCQV
26,2025-11-26 12:47:18 UTC,09R9Y9YPGY88,20LJJUVCQV,20Q0PLRJUJ,20LJJUVCQV
27,2025-11-26 12:40:56 UTC,09R9Y9YP0U0J,20LJJUVCQV,20J8YR2Y9C,20LJJUVCQV
28,2025-11-25 17:55:36 UTC,09R9Y8V2CC9U,20LJJUVCQV,V8LUQGQRU,20LJJUVCQV
29,2025-11-25 15:27:10 UTC,02VPJYJ82Q9V,20LJJUVCQV,PJJCUVY22,20LJJUVCQV
0,2025-11-22 08:01:06 UTC,02VPJ9GQPL2P,20LJJUVCQV,VYGLGPJYV,20LJJUVCQV
1,2025-11-22 07:57:07 UTC,08LPRURRVU82,20LJJUVCQV,VLYVQGU8L,20LJJUVCQV
2,2025-11-22 07:55:37 UTC,09R9Y0CR0YCU,20LJJUVCQV,RCLYJVPCR,20LJJUVCQV
3,2025-11-22 07:52:59 UTC,09R9Y0CGUYQ2,20LJJUVCQV,LQRC8VYL8,20LJJUVCQV
4,2025-11-22 07:50:42 UTC,028PUG2J992G,20LJJUVCQV,UU9JQ2JVJ,20LJJUVCQV
5,2025-11-22 07:05:04 UTC,09R9Y0CLPRJ0,20LJJUVCQV,V9CPLQCRY,20LJJUVCQV
6,2025-11-21 19:59:16 UTC,09J9Y2VU80CG,20LJJUVCQV,209LUJU0GP,20LJJUVCQV
7,2025-11-21 19:55:52 UTC,09R9Y0QLPU0L,20LJJUVCQV,VPCV8YG2L,20LJJUVCQV
8,2025-11-21 19:52:15 UTC,02JPCPGCVY0Y,20LJJUVCQV,CCJYLC98G,20LJJUVCQV
9,2025-11-21 19:45:52 UTC,09R9Y0QY8J8U,20LJJUVCQV,VYRV98LV9,20LJJUVCQV
0,2025-11-21 14:06:03 UTC,02QPC9L88Y9G,20LJJUVCQV,V0QCYYUC9,20LJJUVCQV
1,2025-11-21 14:02:51 UTC,09R9Y0PQ0UPJ,20LJJUVCQV,20G92VG9V9,20LJJUVCQV
2,2025-11-21 13:58:49 UTC,02LPC8UJPRYQ,20LJJUVCQV,VLY82RC8P,20LJJUVCQV
3,2025-11-21 13:26:08 UTC,09R9Y0P998CR,20LJJUVCQV,VPU28YJVJ,20LJJUVCQV
4,2025-11-20 12:45:19 UTC,00VPU20LGRYU,20LJJUVCQV,G2LRC9RG2,20LJJUVCQV
5,2025-11-19 19:40:01 UTC,09P9CGQPUV88,20LJJUVCQV,20C90QJ0YG,20LJJUVCQV
6,2025-11-19 19:34:34 UTC,029PUY9LRLG0,20LJJUVCQV,UUYGCL8Y9,20LJJUVCQV
7,2025-11-19 18:35:05 UTC,00LPU2LUR2RC,20LJJUVCQV,UCQ88QJ9U,20LJJUVCQV
8,2025-11-19 18:31:09 UTC,09R9PV9LY2GY,20LJJUVCQV,VVPPPR92J,20LJJUVCQV
9,2025-11-19 18:26:58 UTC,09R9PV9YUVL0,20LJJUVCQV,20G92UQUC0,20LJJUVCQV
0,2025-11-19 17:47:38 UTC,08LPRC08QG0C,20LJJUVCQV,202PGRC2QP,20LJJUVCQV
1,2025-11-19 17:44:10 UTC,09R9PV92L8R2,20LJJUVCQV,VY22LRQ9J,20LJJUVCQV
2,2025-11-19 17:40:58 UTC,09Y9CJ00G2R0,20LJJUVCQV,20LRQYGUJ9,20LJJUVCQV
3,2025-11-19 17:37:33 UTC,09R9PV90J9VG,20LJJUVCQV,RL90PQQVR,20LJJUVCQV
4,2025-11-19 17:34:09 UTC,028PULL2YU2V,20LJJUVCQV,V0YJ9UP9L,20LJJUVCQV
5,2025-11-19 17:30:06 UTC,09C9Y0YPUJ8P,20LJJUVCQV,PUCU29QLV,20LJJUVCQV
6,2025-11-19 17:25:49 UTC,09R9PV8VLQLC,20LJJUVCQV,V09YVYUY9,20LJJUVCQV
7,2025-11-19 17:22:25 UTC,09R9PV8V2YC0,20LJJUVCQV,VLPQL229U,20LJJUVCQV
8,2025-11-19 14:04:52 UTC,09R9PV2L9G82,20LJJUVCQV,20J9VGJYRQ,20LJJUVCQV
0,2025-11-27 14:19:22 UTC,082PJQYQQ20C,V9CGJGQ0L,VUQ0PQCU2,V9CGJGQ0L
1,2025-11-27 14:15:35 UTC,008Y0P899VY8,V9CGJGQ0L,VYJ2LVC0Q,V9CGJGQ0L
2,2025-11-27 14:10:45 UTC,008Y0P88C8L0,V9CGJGQ0L,200G8QGRY0,V9CGJGQ0L
3,2025-11-27 14:07:38 UTC,008Y0P88LCRC,V9CGJGQ0L,VLVJYRVL8,V9CGJGQ0L
4,2025-11-27 13:42:25 UTC,008Y0P800C22,V9CGJGQ0L,VLVUQCV0Q,V9CGJGQ0L
5,2025-11-27 13:17:13 UTC,08PPJ8VQRUR0,V9CGJGQ0L,CRQLGC2GP,V9CGJGQ0L
6,2025-11-27 13:13:37 UTC,008Y0P2CY2GY,V9CGJGQ0L,200G8LG8UC,V9CGJGQ0L
7,2025-11-27 13:05:40 UTC,008Y0P2JR8Q2,V9CGJGQ0L,VQYJQLUCV,V9CGJGQ0L
8,2025-11-27 13:02:16 UTC,008Y0P2JPVLY,V9CGJGQ0L,VYRUQ2QPJ,V9CGJGQ0L
9,2025-11-27 12:58:53 UTC,008Y0P2J0JPG,V9CGJGQ0L,LPRQ90PGG,V9CGJGQ0L
10,2025-11-27 12:55:36 UTC,008Y0P2RJRRV,V9CGJGQ0L,VYRCQ2RCP,V9CGJGQ0L
11,2025-11-27 05:08:58 UTC,008Y09VQ8Q02,V9CGJGQ0L,V89RRQCG0,V9CGJGQ0L
12,2025-11-27 05:01:24 UTC,008Y09VLJYJP,V9CGJGQ0L,VLVQJVGC0,V9CGJGQ0L
13,2025-11-27 04:58:02 UTC,008Y09VLQGCC,V9CGJGQ0L,VYRJC9L82,V9CGJGQ0L
14,2025-11-27 04:54:07 UTC,008Y09VLPYCP,V9CGJGQ0L,VYJ0RJVYC,V9CGJGQ0L
15,2025-11-27 04:49:02 UTC,008Y09VL08YY,V9CGJGQ0L,20RQ9VQRC0,V9CGJGQ0L
16,2025-11-26 17:48:53 UTC,008Y09R0JV2J,V9CGJGQ0L,20VL8QVVUV,V9CGJGQ0L
17,2025-11-26 17:44:01 UTC,008Y09R08VGY,V9CGJGQ0L,200R0LUQGV,V9CGJGQ0L
18,2025-11-26 17:40:35 UTC,008Y09GVCP8C,V9CGJGQ0L,20CG28UQUY,V9CGJGQ0L
19,2025-11-26 17:36:45 UTC,008Y09GVPVUY,V9CGJGQ0L,VL829U9RG,V9CGJGQ0L
20,2025-11-26 16:03:36 UTC,008Y09G8QJGL,V9CGJGQ0L,VYRUY9VQ0,V9CGJGQ0L
21,2025-11-26 16:00:49 UTC,008Y09G89PL0,V9CGJGQ0L,VQ029L2QJ,V9CGJGQ0L
22,2025-11-26 15:56:27 UTC,008Y09G2JPYQ,V9CGJGQ0L,VYJ99G2UC,V9CGJGQ0L
23,2025-11-26 15:50:44 UTC,008Y09G22298,V9CGJGQ0L,VQYRV09LQ,V9CGJGQ0L
24,2025-11-26 15:47:20 UTC,008Y09G0RQJ9,V9CGJGQ0L,20CQUG8GLL,V9CGJGQ0L
25,2025-11-26 15:07:30 UTC,008Y09QJ900G,V9CGJGQ0L,VL89CRURU,V9CGJGQ0L
26,2025-11-25 14:20:20 UTC,008Y08UYRLV2,V9CGJGQ0L,VLVUPVQLC,V9CGJGQ0L
27,2025-11-25 14:16:05 UTC,09Q9CVJ8RY2U,V9CGJGQ0L,20J9UQ2J8Y,V9CGJGQ0L
28,2025-11-25 14:10:45 UTC,008Y08UPR9UY,V9CGJGQ0L,VYJ9V9YC8,V9CGJGQ0L
29,2025-11-24 15:45:49 UTC,008Y089CVPYU,V9CGJGQ0L,VLVJ8CLG9,V9CGJGQ0L
0,2025-11-28 05:54:32 UTC,09R9YPLGP8J0,VP80PC9PQ,VQ9V9JU08,VP80PC9PQ
1,2025-11-28 05:47:30 UTC,09G9YPJQYY2U,VP80PC9PQ,VQ9V9JU08,VP80PC9PQ
2,2025-11-28 05:43:40 UTC,09G9YPJQ8YY0,VP80PC9PQ,VQ9V9JU08,VP80PC9PQ
3,2025-11-28 05:40:11 UTC,09G9YPJLVRY8,VP80PC9PQ,VQ9V9JU08,VP80PC9PQ
4,2025-11-27 05:57:37 UTC,029PUJ0RRQLY,"VVC8QC8YQ,VP80PC9PQ","20GCY099JV,V8LL2VQJ2",VP80PC9PQ
5,2025-11-27 05:53:07 UTC,09R9Y9CV02LU,VP80PC9PQ,V0V0VGG9R,VP80PC9PQ
6,2025-11-27 05:48:02 UTC,00JPULLU0LGC,VP80PC9PQ,U00C0VP08,VP80PC9PQ
7,2025-11-27 05:44:22 UTC,09G9YP2U2U9P,VP80PC9PQ,VQ9V9JU08,VP80PC9PQ
8,2025-11-27 05:40:30 UTC,09G9YP2CUV2U,VP80PC9PQ,VQ9V9JU08,VP80PC9PQ
9,2025-11-27 05:36:27 UTC,09G9YP2CRU2U,VP80PC9PQ,VQ9V9JU08,VP80PC9PQ
10,2025-11-27 05:19:20 UTC,09R9Y9CC8PUQ,VP80PC9PQ,V89U09L0U,VP80PC9PQ
11,2025-11-27 04:58:31 UTC,09R9Y9CJ0PRQ,VP80PC9PQ,20QQLR8L2R,VP80PC9PQ
12,2025-11-26 17:51:05 UTC,00QPUYU8QJCP,"VP80PC9PQ,208GQGCQPP","CCQ9RU8GR,JLG89YRC2",VP80PC9PQ
13,2025-11-26 16:49:36 UTC,09R9Y9Q0UYRJ,VP80PC9PQ,20JURC8YLG,VP80PC9PQ
14,2025-11-26 16:45:34 UTC,09R9Y9Q0L2RR,VP80PC9PQ,V888Q2L0Q,VP80PC9PQ
15,2025-11-26 16:41:44 UTC,09R9Y9Q008VL,VP80PC9PQ,VPVYC0UJ0,VP80PC9PQ
16,2025-11-26 16:36:22 UTC,09R9Y9LVYUPJ,VP80PC9PQ,20LL0RGJU9,VP80PC9PQ
17,2025-11-26 15:31:46 UTC,02CPJPUU2PLL,"VP80PC9PQ,V8908QLRJ","2UQU28LVU,YVVLURCGY",VP80PC9PQ
18,2025-11-26 15:26:25 UTC,09R9Y9LYJV9V,VP80PC9PQ,VP0U2C0C8,VP80PC9PQ
19,2025-11-26 07:21:55 UTC,00JPUYULRGGU,VP80PC9PQ,V92QPQ9JJ,VP80PC9PQ
20,2025-11-26 07:18:37 UTC,00JPUYULLU8L,VP80PC9PQ,V92QPQ9JJ,VP80PC9PQ
21,2025-11-26 07:13:14 UTC,00JPUYUL8YQ9,VP80PC9PQ,V92QPQ9JJ,VP80PC9PQ
22,2025-11-26 07:09:32 UTC,00JPUYUYVPGJ,VP80PC9PQ,V92QPQ9JJ,VP80PC9PQ
23,2025-11-26 05:27:38 UTC,09R9Y99LL29G,VP80PC9PQ,2R8208QLQ,VP80PC9PQ
24,2025-11-26 04:59:24 UTC,09R9Y99PCQPY,VP80PC9PQ,V8U8JGR0U,VP80PC9PQ
25,2025-11-26 04:56:12 UTC,09R9Y99PGUV8,VP80PC9PQ,VUCLG2282,VP80PC9PQ
26,2025-11-25 20:16:56 UTC,09R9Y909PJ8U,VP80PC9PQ,VPRVVVU90,VP80PC9PQ
27,2025-11-25 20:12:13 UTC,09R9Y908CCVR,VP80PC9PQ,VLVUGQQQV,VP80PC9PQ
28,2025-11-25 16:09:24 UTC,09C9YP0QQ2YG,VP80PC9PQ,V9LPVJJ0V,VP80PC9PQ
29,2025-11-25 16:04:12 UTC,09R9Y8U9P8VC,VP80PC9PQ,VYRJUL99G,VP80PC9PQ
0,2025-11-18 19:38:42 UTC,000PVCCQPQL0,"VP80PC9PQ,V82P89JYJ","YJCRJ8RGC,9VVGYP2R2",VP80PC9PQ
1,2025-11-13 20:36:46 UTC,09L9CLCRVULV,"VP80PC9PQ,20JCLQPQRL","UCJV928YU,UUGULU0RY",VP80PC9PQ
0,2025-11-28 10:32:57 UTC,09G9YPCJPY8R,VQ9V9JU08,VPRPGVYU2,VQ9V9JU08
1,2025-11-28 05:54:32 UTC,09R9YPLGP8J0,VQ9V9JU08,VP80PC9PQ,VQ9V9JU08
2,2025-11-28 05:47:30 UTC,09G9YPJQYY2U,VQ9V9JU08,VP80PC9PQ,VQ9V9JU08
3,2025-11-28 05:43:40 UTC,09G9YPJQ8YY0,VQ9V9JU08,VP80PC9PQ,VQ9V9JU08
4,2025-11-28 05:40:11 UTC,09G9YPJLVRY8,VQ9V9JU08,VP80PC9PQ,VQ9V9JU08
5,2025-11-27 19:24:47 UTC,09G9YPLJ8RJY,VQ9V9JU08,JU8QVRJR0,VQ9V9JU08
6,2025-11-27 19:21:59 UTC,09G9YPLRU9LG,VQ9V9JU08,VYRJVJULL,VQ9V9JU08
7,2025-11-27 19:07:16 UTC,09G9YPLG8U29,VQ9V9JU08,VYJL8Y2YY,VQ9V9JU08
8,2025-11-27 19:04:02 UTC,09G9YPLQCR29,VQ9V9JU08,200G2VJU0U,VQ9V9JU08
9,2025-11-27 18:51:19 UTC,09G9YPLLYY8Y,VQ9V9JU08,VQYG02UQC,VQ9V9JU08
10,2025-11-27 18:46:47 UTC,09G9YPLYCUQC,VQ9V9JU08,VYJPLU2VV,VQ9V9JU08
11,2025-11-27 18:43:03 UTC,09G9YPLYYC08,VQ9V9JU08,20CQCRRJC0,VQ9V9JU08
12,2025-11-27 18:39:23 UTC,09G9YPLPVCLL,VQ9V9JU08,20LG2V0PG9,VQ9V9JU08
13,2025-11-27 15:07:32 UTC,09G9YPPR9CYJ,VQ9V9JU08,VRYQYC8GU,VQ9V9JU08
14,2025-11-27 05:57:49 UTC,09G9YP2UUPVU,VQ9V9JU08,V92QPQ9JJ,VQ9V9JU08
15,2025-11-27 05:44:22 UTC,09G9YP2U2U9P,VQ9V9JU08,VP80PC9PQ,VQ9V9JU08
16,2025-11-27 05:40:30 UTC,09G9YP2CUV2U,VQ9V9JU08,VP80PC9PQ,VQ9V9JU08
17,2025-11-27 05:36:27 UTC,09G9YP2CRU2U,VQ9V9JU08,VP80PC9PQ,VQ9V9JU08
18,2025-11-26 17:41:27 UTC,09R9Y9QLGRRC,VQ9V9JU08,2009G9VR0Q,VQ9V9JU08
19,2025-11-26 17:37:57 UTC,09G9Y9CYJ0RV,VQ9V9JU08,VP9LYU8JV,VQ9V9JU08
20,2025-11-26 17:33:37 UTC,09G9Y9CY9YPJ,VQ9V9JU08,20LL00VRQG,VQ9V9JU08
21,2025-11-26 17:30:04 UTC,09G9Y9CPCUGY,VQ9V9JU08,20RQ8VQRGL,VQ9V9JU08
22,2025-11-25 17:43:21 UTC,09G9Y98VJ9J9,VQ9V9JU08,20QVL9LQL2,VQ9V9JU08
23,2025-11-25 17:38:54 UTC,09G9Y98V99YR,VQ9V9JU08,20LYRJG889,VQ9V9JU08
24,2025-11-25 15:20:05 UTC,09G9Y92CGGVP,VQ9V9JU08,L28JL9PUL,VQ9V9JU08
25,2025-11-25 15:16:25 UTC,09G9Y92C92RL,VQ9V9JU08,209R0CYRPQ,VQ9V9JU08
26,2025-11-25 13:35:36 UTC,09C9Y9VYYYGQ,VQ9V9JU08,VLVJGJYUR,VQ9V9JU08
27,2025-11-25 13:31:13 UTC,09G9Y920LUQQ,VQ9V9JU08,VP90P9R0Q,VQ9V9JU08
28,2025-11-25 13:28:11 UTC,09G9Y9208C8V,VQ9V9JU08,20R0JYYR8P,VQ9V9JU08
29,2025-11-25 12:59:58 UTC,09G9Y90CQCCG,VQ9V9JU08,20LYRURCLU,VQ9V9JU08
0,2025-11-27 05:57:49 UTC,09G9YP2UUPVU,V92QPQ9JJ,VQ9V9JU08,V92QPQ9JJ
1,2025-11-27 05:30:20 UTC,00JPULLC09PJ,V92QPQ9JJ,VVGUYCJP9,V92QPQ9JJ
2,2025-11-26 10:06:38 UTC,00JPUYV0VYGY,V92QPQ9JJ,VL2VRL0RY,V92QPQ9JJ
3,2025-11-26 10:02:56 UTC,00JPUYV0J2QR,V92QPQ9JJ,20CC09GV0V,V92QPQ9JJ
4,2025-11-26 07:21:55 UTC,00JPUYULRGGU,V92QPQ9JJ,VP80PC9PQ,V92QPQ9JJ
5,2025-11-26 07:18:37 UTC,00JPUYULLU8L,V92QPQ9JJ,VP80PC9PQ,V92QPQ9JJ
6,2025-11-26 07:13:14 UTC,00JPUYUL8YQ9,V92QPQ9JJ,VP80PC9PQ,V92QPQ9JJ
7,2025-11-26 07:09:32 UTC,00JPUYUYVPGJ,V92QPQ9JJ,VP80PC9PQ,V92QPQ9JJ
8,2025-11-26 07:06:30 UTC,00JPUYUYJJJC,V92QPQ9JJ,VYRURU0CP,V92QPQ9JJ
9,2025-11-26 07:01:51 UTC,00JPUYUYLUU0,V92QPQ9JJ,VYJ00Y0QC,V92QPQ9JJ
10,2025-11-26 06:50:11 UTC,00JPUYUPJGG8,V92QPQ9JJ,VYRJQC8U8,V92QPQ9JJ
11,2025-11-26 05:50:20 UTC,00YPUP80QYQQ,V92QPQ9JJ,V9UQ9J2PR,V92QPQ9JJ
12,2025-11-25 19:40:14 UTC,00JPUYGP2V20,V92QPQ9JJ,20CQRUCQ0Y,V92QPQ9JJ
13,2025-11-25 16:12:37 UTC,00JPUYLQJURV,V92QPQ9JJ,20CQCYL88Y,V92QPQ9JJ
14,2025-11-25 13:00:24 UTC,00JPUYY20GRV,V92QPQ9JJ,VYRV89UQC,V92QPQ9JJ
15,2025-11-25 12:57:17 UTC,00JPUYY0JYGG,V92QPQ9JJ,209JQRP80L,V92QPQ9JJ
16,2025-11-25 05:43:19 UTC,09G9Y8UJCR99,V92QPQ9JJ,VQ9V9JU08,V92QPQ9JJ
17,2025-11-25 05:39:13 UTC,00JPUY8URCLP,V92QPQ9JJ,VL80LGRR0,V92QPQ9JJ
18,2025-11-25 05:33:58 UTC,00JPUY8UYRLG,V92QPQ9JJ,VYJ8RY8JU,V92QPQ9JJ
19,2025-11-25 05:28:49 UTC,00JPUY8U2G8P,V92QPQ9JJ,VYRURV8LL,V92QPQ9JJ
20,2025-11-24 13:58:07 UTC,00JPUPJYV9CJ,V92QPQ9JJ,20VYRC9QLY,V92QPQ9JJ
21,2025-11-24 13:54:14 UTC,00JPUPJYG9YU,V92QPQ9JJ,VPJRJ99CJ,V92QPQ9JJ
22,2025-11-24 13:51:03 UTC,02PPUR09PV0R,V92QPQ9JJ,VP90R890L,V92QPQ9JJ
23,2025-11-24 13:25:21 UTC,00JPUPJ8VJV0,V92QPQ9JJ,VL2UC0YVL,V92QPQ9JJ
24,2025-11-24 13:20:01 UTC,00JPUPJ8Q9JG,V92QPQ9JJ,VYRJL2PLV,V92QPQ9JJ
25,2025-11-24 10:09:31 UTC,00JPUPRGV8RL,V92QPQ9JJ,VP80PC9PQ,V92QPQ9JJ
26,2025-11-24 10:06:08 UTC,00JPUPRGJ9C0,V92QPQ9JJ,VPYGJLJ9C,V92QPQ9JJ
27,2025-11-22 16:22:46 UTC,00JPU9QC9J0L,V92QPQ9JJ,VPQRCJRCQ,V92QPQ9JJ
28,2025-11-22 16:20:00 UTC,00JPU9QJUJR9,V92QPQ9JJ,20U80Q8J8U,V92QPQ9JJ
29,2025-11-21 04:52:11 UTC,00JPU8GPPGU8,V92QPQ9JJ,VPYVVV0PU,V92QPQ9JJ
0,2025-11-27 14:49:31 UTC,08GPQC0LLQ2G,20YURPY8Q8,20PCVGJU8P,20YURPY8Q8
1,2025-11-27 14:45:48 UTC,08GPQC0L280C,20YURPY8Q8,20LYGUY0J9,20YURPY8Q8
2,2025-11-27 13:25:03 UTC,08GPQJVU8CQR,20YURPY8Q8,VYRVQ2J2U,20YURPY8Q8
3,2025-11-26 17:15:10 UTC,00CPUY29PY80,20YURPY8Q8,VYJPVC222,20YURPY8Q8
4,2025-11-26 17:13:05 UTC,08GPQJLU8G9U,20YURPY8Q8,VL2V9PJU9,20YURPY8Q8
5,2025-11-26 17:10:13 UTC,09Y9U0YCGG2Y,20YURPY8Q8,20UPYVURGC,20YURPY8Q8
6,2025-11-26 17:06:43 UTC,00JPUL2UUYY2,20YURPY8Q8,VPJLC998J,20YURPY8Q8
7,2025-11-26 14:59:30 UTC,08GPQJYC8292,20YURPY8Q8,200G0P2RPG,20YURPY8Q8
8,2025-11-26 14:56:19 UTC,08GPQJYJCY08,20YURPY8Q8,20LYC88L88,20YURPY8Q8
9,2025-11-26 11:07:38 UTC,08GPQJPP80U8,20YURPY8Q8,200YLG2YJ9,20YURPY8Q8
10,2025-11-26 11:04:40 UTC,08QPQUR99YRU,20YURPY8Q8,RUQUV9JPC,20YURPY8Q8
11,2025-11-26 11:01:36 UTC,08GPQJP9J8PQ,20YURPY8Q8,VQPV2VGCV,20YURPY8Q8
12,2025-11-26 10:58:28 UTC,08GPQJP9Q292,20YURPY8Q8,VQVCULL2Y,20YURPY8Q8
13,2025-11-26 10:55:25 UTC,08GPQJP9P2YV,20YURPY8Q8,20LYCGPR08,20YURPY8Q8
14,2025-11-26 10:50:30 UTC,08GPQJP8VPQY,20YURPY8Q8,20RQLPCGQR,20YURPY8Q8
15,2025-11-26 10:45:24 UTC,08GPQJP8GP0J,20YURPY8Q8,20LLL92VRJ,20YURPY8Q8
16,2025-11-25 17:10:23 UTC,08GPQRU0G2CV,20YURPY8Q8,20CQU0V2YQ,20YURPY8Q8
17,2025-11-25 17:04:35 UTC,08GPQRCVURQG,20YURPY8Q8,VYRV828J0,20YURPY8Q8
18,2025-11-25 07:33:22 UTC,00VPUP8YPYLP,20YURPY8Q8,QPRJJG0UY,20YURPY8Q8
19,2025-11-25 07:26:40 UTC,08GPQRGYLLL8,20YURPY8Q8,20CG8LPQYJ,20YURPY8Q8
20,2025-11-25 07:23:07 UTC,09U9Y9LR8CRQ,20YURPY8Q8,VVYQYVCPJ,20YURPY8Q8
21,2025-11-25 07:18:44 UTC,08GPQRGPVVY8,20YURPY8Q8,20LL99YP92,20YURPY8Q8
22,2025-11-25 07:14:21 UTC,08GPQRGPJYCP,20YURPY8Q8,20LYGYCVV8,20YURPY8Q8
23,2025-11-25 07:11:06 UTC,09J9YP2G0U0P,20YURPY8Q8,202CY989U0,20YURPY8Q8
24,2025-11-24 18:29:17 UTC,022PVPGGGCGP,20YURPY8Q8,VQ8VLJLRR,20YURPY8Q8
25,2025-11-24 18:25:28 UTC,020PU908U88C,20YURPY8Q8,URL9URYQ0,20YURPY8Q8
26,2025-11-24 18:22:09 UTC,08GPQR9QQYYY,20YURPY8Q8,20LL9QQ9PQ,20YURPY8Q8
27,2025-11-24 18:19:40 UTC,08GPQR9Q9L88,20YURPY8Q8,VGJ9UR9J2,20YURPY8Q8
28,2025-11-24 18:15:29 UTC,08GPQR9LJJPC,20YURPY8Q8,20CG0JU0QG,20YURPY8Q8
29,2025-11-24 18:12:12 UTC,022PVPGLR8P9,20YURPY8Q8,UQGCJ2822,20YURPY8Q8
0,2025-11-23 11:15:07 UTC,02UPJ99R8PVG,20YURPY8Q8,20029PU2JJ,20YURPY8Q8
1,2025-11-18 17:34:50 UTC,02YPUY2GP09Q,20YURPY8Q8,VLL9UV9J9,20YURPY8Q8
0,2025-11-27 19:36:48 UTC,02UPJL0C9YC8,VVVR8J8CG,20VLJQGJJU,VVVR8J8CG
1,2025-11-27 19:26:24 UTC,00VPUYJVPC8P,VVVR8J8CG,VYQ2LGUC9,VVVR8J8CG
2,2025-11-27 19:21:34 UTC,02UPJL0RL2QG,VVVR8J8CG,200YL0RCV2,VVVR8J8CG
3,2025-11-27 19:17:32 UTC,09G9YPLRY0J0,VVVR8J8CG,20RGRPRLRP,VVVR8J8CG
4,2025-11-27 19:11:16 UTC,08CPQUQVQ9YJ,VVVR8J8CG,UJJ28LRG9,VVVR8J8CG
5,2025-11-27 16:54:31 UTC,02UPJYVYV9YJ,VVVR8J8CG,20C2QV0GLY,VVVR8J8CG
6,2025-11-27 16:50:41 UTC,02UPJYVYLUCC,VVVR8J8CG,20Y9LCGP8P,VVVR8J8CG
7,2025-11-27 16:47:20 UTC,00CPUYRCRUJL,VVVR8J8CG,URRVPGY2R,VVVR8J8CG
8,2025-11-27 16:42:41 UTC,02UPJYVPQRJ2,VVVR8J8CG,200G989RYQ,VVVR8J8CG
9,2025-11-27 13:28:34 UTC,02UPJYCCUU8V,VVVR8J8CG,20CG8PJUYL,VVVR8J8CG
10,2025-11-27 13:23:06 UTC,02UPJYCCYU0Y,VVVR8J8CG,VL89VGU8P,VVVR8J8CG
11,2025-11-27 13:20:17 UTC,09Q9U0V8JJR2,VVVR8J8CG,LGPY2J80R,VVVR8J8CG
12,2025-11-26 17:58:17 UTC,0999U0PPP0C0,VVVR8J8CG,CJRUUCCLY,VVVR8J8CG
13,2025-11-26 14:56:22 UTC,000Y08CPLV2V,VVVR8J8CG,UVQ9LRJCL,VVVR8J8CG
14,2025-11-26 14:50:38 UTC,082PJLJULPV9,VVVR8J8CG,VCQJV2RUR,VVVR8J8CG
15,2025-11-26 13:48:05 UTC,02UPJY9880QC,VVVR8J8CG,200G88LLYV,VVVR8J8CG
16,2025-11-26 13:43:30 UTC,029PURG2QQ22,VVVR8J8CG,UG80CVC82,VVVR8J8CG
17,2025-11-26 13:38:06 UTC,02UPJY928PVQ,VVVR8J8CG,200G9LG0LQ,VVVR8J8CG
18,2025-11-26 05:13:50 UTC,02UPJY0J22RG,VVVR8J8CG,VYRL8U0L0,VVVR8J8CG
19,2025-11-26 05:10:31 UTC,022PVYG0U2GY,VVVR8J8CG,VLGRRGQRY,VVVR8J8CG
20,2025-11-25 19:47:39 UTC,02UPJPC89YC0,VVVR8J8CG,VYRRLCJGQ,VVVR8J8CG
21,2025-11-25 19:44:03 UTC,09R9Y8VVJVUV,VVVR8J8CG,20Q28GPU8Q,VVVR8J8CG
22,2025-11-25 19:40:26 UTC,02UPJPC2YGUY,VVVR8J8CG,20Y09JY9GC,VVVR8J8CG
23,2025-11-25 19:37:27 UTC,02UPJPC20J0U,VVVR8J8CG,VPVY090PJ,VVVR8J8CG
24,2025-11-25 19:33:28 UTC,02UPJPC0G9CU,VVVR8J8CG,VP8QVVG9P,VVVR8J8CG
25,2025-11-25 19:27:16 UTC,02UPJPJVU2JR,VVVR8J8CG,20CGG9L8CG,VVVR8J8CG
26,2025-11-25 19:23:23 UTC,02UPJPJVYCPR,VVVR8J8CG,VYRUCYC2J,VVVR8J8CG
27,2025-11-25 19:19:28 UTC,02UPJPJUVYLP,VVVR8J8CG,VLR9P8C2R,VVVR8J8CG
28,2025-11-25 19:12:57 UTC,02UPJPJU8J8V,VVVR8J8CG,20LLL29CVV,VVVR8J8CG
29,2025-11-25 19:09:06 UTC,00PY08CCGU2R,VVVR8J8CG,UJJY8YUPP,VVVR8J8CG
0,2025-11-18 15:00:59 UTC,09L9CRCQYPCP,VVVR8J8CG,20V000J0R8,VVVR8J8CG
0,2025-11-26 14:29:08 UTC,09L9U0CVYJUY,20CRQC8LJU,200GLYJRGR,20CRQC8LJU
1,2025-11-25 10:46:53 UTC,09L9U02C0PJQ,20CRQC8LJU,20VYU2LGG2,20CRQC8LJU
2,2025-11-25 10:44:20 UTC,09L9U02JCCV2,20CRQC8LJU,20PPPYUQLJ,20CRQC8LJU
3,2025-11-25 04:29:36 UTC,08V9V0ULL982,20CRQC8LJU,20RURL92GV,20CRQC8LJU
5,2025-11-22 06:34:46 UTC,09L9CU89CLPV,20CRQC8LJU,20G92JLC9U,20CRQC8LJU
7,2025-11-21 14:33:31 UTC,09L9CCRQ8RCY,20CRQC8LJU,20U2VLGVGV,20CRQC8LJU
8,2025-11-19 14:24:22 UTC,09L9CJYV0CUL,20CRQC8LJU,20U2GPLYRU,20CRQC8LJU
9,2025-11-19 14:20:57 UTC,09L9CJYURVG2,20CRQC8LJU,20U2QR820J,20CRQC8LJU
11,2025-11-16 17:41:05 UTC,09L9CGR8C2R0,20CRQC8LJU,209URJR889,20CRQC8LJU
12,2025-11-16 17:36:05 UTC,09L9CGR88QYQ,20CRQC8LJU,20U2U2LYPP,20CRQC8LJU
19,2025-11-15 07:21:24 UTC,09L9CQJPJCQU,20CRQC8LJU,VVL08P8JY,20CRQC8LJU
20,2025-11-13 08:32:58 UTC,09L9CLLU8GYU,20CRQC8LJU,VPL0988QP,20CRQC8LJU
22,2025-11-13 08:24:03 UTC,09L9CLLCRJ9C,20CRQC8LJU,20U2J2U0GV,20CRQC8LJU
23,2025-11-13 08:19:49 UTC,09L9CLLCLYR0,20CRQC8LJU,20U2L28LJJ,20CRQC8LJU
25,2025-11-11 18:12:46 UTC,09L9CYQGGLQ2,20CRQC8LJU,VPYRULLY0,20CRQC8LJU
26,2025-11-11 18:08:39 UTC,09L9CYQG8PGQ,20CRQC8LJU,20G99UJR02,20CRQC8LJU
27,2025-11-11 18:06:45 UTC,09L9CYQQVLPJ,20CRQC8LJU,VPYUV82Y9,20CRQC8LJU
28,2025-11-09 16:29:00 UTC,09L9CP9LCCP2,20CRQC8LJU,VL8292GUL,20CRQC8LJU
29,2025-11-09 16:26:44 UTC,09L9CP9LQJUL,20CRQC8LJU,20U2GG9LUL,20CRQC8LJU
0,2025-11-25 12:07:54 UTC,02VPJYGRJGC9,20UCYY2CC2,ULYRL9PQ2,20UCYY2CC2
1,2025-11-25 12:06:10 UTC,09Y9CVGCGRLV,20UCYY2CC2,VJCJRCU00,20UCYY2CC2
2,2025-11-25 12:02:58 UTC,09C9Y9UC0QYU,20UCYY2CC2,202JJ2UUJR,20UCYY2CC2
3,2025-11-25 11:58:08 UTC,09Y9CVGJVPU9,20UCYY2CC2,V00VCVQLG,20UCYY2CC2
4,2025-11-25 11:48:54 UTC,09Y9CVGJ8RLY,20UCYY2CC2,VYJPY0YQ8,20UCYY2CC2
5,2025-11-23 12:58:06 UTC,09Y9CUYUG8GJ,20UCYY2CC2,VVP8PLRQY,20UCYY2CC2
6,2025-11-23 12:55:05 UTC,08GPQGLRP2GP,20UCYY2CC2,20YURPY8Q8,20UCYY2CC2
7,2025-11-23 12:51:31 UTC,09Y9CUYCVUVC,20UCYY2CC2,VPYCQYYYP,20UCYY2CC2
8,2025-11-23 12:49:45 UTC,09Y9CUYCCJPG,20UCYY2CC2,VPYV8QRLY,20UCYY2CC2
9,2025-11-23 12:46:12 UTC,08GPQGLGQ0QU,20UCYY2CC2,20YURPY8Q8,20UCYY2CC2
10,2025-11-23 12:38:44 UTC,09Y9CUYJU9G0,20UCYY2CC2,20RYLUVYY9,20UCYY2CC2
11,2025-11-23 12:34:03 UTC,09Y9CUYJLRU0,20UCYY2CC2,U8JGJVVVR,20UCYY2CC2
12,2025-11-23 12:30:50 UTC,02VPJPY99JR8,20UCYY2CC2,VV9Q8R8C2,20UCYY2CC2
13,2025-11-23 12:28:25 UTC,09Y9CUYJ02RC,20UCYY2CC2,VPYU8P2RC,20UCYY2CC2
14,2025-11-23 12:25:22 UTC,09Y9CUYRJG9J,20UCYY2CC2,VPL0QQ02L,20UCYY2CC2
15,2025-11-22 16:02:56 UTC,09R9Y20G28JJ,20UCYY2CC2,20GJGR8QL9,20UCYY2CC2
16,2025-11-22 15:54:56 UTC,09Y9CCU2VRGG,20UCYY2CC2,20YURPY8Q8,20UCYY2CC2
17,2025-11-22 15:50:14 UTC,08GPQQUCU0RJ,20UCYY2CC2,20YURPY8Q8,20UCYY2CC2
18,2025-11-22 15:38:36 UTC,02UPJ8J99LV9,20UCYY2CC2,VVVR8J8CG,20UCYY2CC2
19,2025-11-22 13:05:08 UTC,09Y9CCJC90YV,20UCYY2CC2,20U2C9UUYQ,20UCYY2CC2
20,2025-11-22 12:55:06 UTC,08PPRVJJYY0G,20UCYY2CC2,20098YV29J,20UCYY2CC2
21,2025-11-22 12:51:45 UTC,09Y9CCJRV8QJ,20UCYY2CC2,VQ9V9JU08,20UCYY2CC2
22,2025-11-22 12:47:31 UTC,09G9Y290QGC9,20UCYY2CC2,VQ9V9JU08,20UCYY2CC2
23,2025-11-22 12:42:54 UTC,09G9Y2902CQQ,"20UCYY2CC2,20YURPY8Q8","209CG9PCQQ,VQ9V9JU08",20UCYY2CC2
0,2025-11-22 09:23:57 UTC,02PPUQGJUR0Q,VYJP2VYL8,VYU9UP2JG,VYJP2VYL8
1,2025-11-22 09:12:38 UTC,080PJP8CJJJV,VYJP2VYL8,2009UR2UQ8,VYJP2VYL8
2,2025-11-22 08:02:48 UTC,02PPUQGYU29C,VYJP2VYL8,V82JLRRY9,VYJP2VYL8
3,2025-11-22 07:58:28 UTC,09J9Y8P0QYP8,VYJP2VYL8,20RY0VUJLG,VYJP2VYL8
4,2025-11-22 07:55:41 UTC,02PPUQGYLPL9,VYJP2VYL8,VLQ0Y9UU8,VYJP2VYL8
5,2025-11-22 07:51:49 UTC,0929UVJLRJYU,VYJP2VYL8,20J082V8GC,VYJP2VYL8
6,2025-11-22 07:47:25 UTC,00RPU2RGCULG,VYJP2VYL8,VPV9RL8VC,VYJP2VYL8
7,2025-11-22 07:43:57 UTC,02PPUQGPJUVP,VYJP2VYL8,VYQ0L9YG2,VYJP2VYL8
8,2025-11-22 07:40:11 UTC,009Y02CLYCU8,VYJP2VYL8,VYCG22CJ9,VYJP2VYL8
9,2025-11-22 07:36:44 UTC,02PPUQGPY8JG,VYJP2VYL8,209UR2QCP9,VYJP2VYL8
10,2025-11-22 07:34:09 UTC,08V9UV0CP28R,VYJP2VYL8,20CY8CGLCQ,VYJP2VYL8
11,2025-11-22 07:29:20 UTC,02PPUQG9VYR0,VYJP2VYL8,VL0GGPQYV,VYJP2VYL8
12,2025-11-22 07:25:48 UTC,02PPUQG9JGCY,VYJP2VYL8,VYJC20PYV,VYJP2VYL8
13,2025-11-22 07:23:16 UTC,02PPUQG9GRPC,VYJP2VYL8,20PCJQ8PUL,VYJP2VYL8
14,2025-11-22 07:18:57 UTC,02PPUQG9Y9VJ,VYJP2VYL8,VL2JRUJPG,VYJP2VYL8
15,2025-11-22 07:14:07 UTC,02PPUQG92G0Q,VYJP2VYL8,VYJU0PQL2,VYJP2VYL8
16,2025-11-22 07:03:33 UTC,02PPUQG8QG2R,VYJP2VYL8,209UVYVUQQ,VYJP2VYL8
17,2025-11-22 06:57:41 UTC,02PPUQG892JL,VYJP2VYL8,VYJL98RYG,VYJP2VYL8
18,2025-11-21 20:29:37 UTC,02PPUQPP9VQQ,VYJP2VYL8,20L8UJ00RG,VYJP2VYL8
19,2025-11-21 20:25:37 UTC,082PJ9JLLC0U,VYJP2VYL8,200Y2RLJGY,VYJP2VYL8
20,2025-11-21 20:24:17 UTC,00JPU90YGUUJ,VYJP2VYL8,VPP8GJL08,VYJP2VYL8
21,2025-11-21 14:50:42 UTC,02PPUQ2PG89V,VYJP2VYL8,VQ9VLQYPP,VYJP2VYL8
22,2025-11-21 14:45:22 UTC,02PPUQ29VLU0,VYJP2VYL8,VP2QYLR8G,VYJP2VYL8
23,2025-11-21 14:41:48 UTC,02PPUQ29QJQL,VYJP2VYL8,VL0CCL0QV,VYJP2VYL8
24,2025-11-21 14:40:25 UTC,02PPUQ29YQ20,VYJP2VYL8,20Y2QGC8L9,VYJP2VYL8
25,2025-11-21 14:02:35 UTC,02PPUQ0V2JL0,VYJP2VYL8,20J9RYU829,VYJP2VYL8
26,2025-11-21 12:48:07 UTC,02PPUQ0Y9YJY,VYJP2VYL8,20Y0J8QJ22,VYJP2VYL8
27,2025-11-21 12:44:58 UTC,09C9Y2LP9G0R,VYJP2VYL8,20GU9YVQJY,VYJP2VYL8
28,2025-11-21 12:42:52 UTC,02PPUQ0PJ2L9,VYJP2VYL8,20UCYRLU00,VYJP2VYL8
29,2025-11-21 11:57:27 UTC,02PPUQ00Q0GV,VYJP2VYL8,20UGYVR0RC,VYJP2VYL8
0,2025-11-23 16:52:34 UTC,020PU8Y0URQY,20QGLVUR2Q,VYYQGP20J,20QGLVUR2Q
1,2025-11-23 16:49:32 UTC,00GPU89QJJRV,20QGLVUR2Q,V8L0YY0CL,20QGLVUR2Q
2,2025-11-23 16:45:37 UTC,08V9UVVYQJU9,20QGLVUR2Q,20UQ0PQ08J,20QGLVUR2Q
3,2025-11-23 16:41:53 UTC,08V9UVVY29V0,20QGLVUR2Q,VL209VYRQ,20QGLVUR2Q
4,2025-11-23 16:37:17 UTC,08V9UVVPQ8VJ,20QGLVUR2Q,20G9820L0J,20QGLVUR2Q
5,2025-11-23 16:33:49 UTC,08U9V099JRUJ,20QGLVUR2Q,20JQJ99YGU,20QGLVUR2Q
6,2025-11-23 16:27:59 UTC,08V9UVV9PVL2,20QGLVUR2Q,VPQULPUL8,20QGLVUR2Q
7,2025-11-23 08:58:37 UTC,08V9UVJY2R92,20QGLVUR2Q,20U9JQY0U0,20QGLVUR2Q
8,2025-11-21 20:59:45 UTC,02PPUQPQU2YR,20QGLVUR2Q,VYPYGQ0U8,20QGLVUR2Q
9,2025-11-21 20:55:21 UTC,008Y00Q98YLY,20QGLVUR2Q,V9RC9QQ20,20QGLVUR2Q
10,2025-11-21 20:52:14 UTC,08V9UUC0VPY9,20QGLVUR2Q,20G92G0V88,20QGLVUR2Q
11,2025-11-21 20:49:57 UTC,0989UUYQ8V8P,20QGLVUR2Q,20GGCC2G0P,20QGLVUR2Q
12,2025-11-21 20:46:37 UTC,08V9UUC0P9JG,20QGLVUR2Q,20GC8G2YCL,20QGLVUR2Q
13,2025-11-21 20:41:45 UTC,082PJ9JGYQJR,20QGLVUR2Q,VPR0VR80V,20QGLVUR2Q
14,2025-11-21 20:36:20 UTC,09R9Y0QJUUGP,20QGLVUR2Q,20Y2R9GUG9,20QGLVUR2Q
15,2025-11-21 20:33:43 UTC,00UPU2VLR90C,20QGLVUR2Q,VYYLU2RUG,20QGLVUR2Q
16,2025-11-21 20:31:01 UTC,08V9UUJULUC0,20QGLVUR2Q,20CVCQ8LL9,20QGLVUR2Q
18,2025-11-15 19:58:26 UTC,08V9UGVGQ9GL,20QGLVUR2Q,20G9PYGCGJ,20QGLVUR2Q
20,2025-11-09 16:48:48 UTC,08V9UY2J0Q8Y,20QGLVUR2Q,20G90V9PQG,20QGLVUR2Q
25,2025-11-09 14:33:24 UTC,08V9UY0QJJ20,20QGLVUR2Q,VL9PUC099,20QGLVUR2Q
0,2025-11-13 17:39:26 UTC,0989UQ90800J,20P09QQCU0,209CG9PCQQ,20P09QQCU0
1,2025-11-13 17:34:53 UTC,0989UQ8VR0CY,20P09QQCU0,209CG9PCQQ,20P09QQCU0
2,2025-11-13 17:31:20 UTC,0989UQ8V9LVU,20P09QQCU0,209CG9PCQQ,20P09QQCU0
3,2025-11-13 17:30:30 UTC,0989UQ8V88YJ,20P09QQCU0,209CG9PCQQ,20P09QQCU0
4,2025-11-13 17:27:11 UTC,0989UQ8UJV9Y,20P09QQCU0,209CG9PCQQ,20P09QQCU0
5,2025-11-13 17:22:54 UTC,0989UQ8UP9PR,20P09QQCU0,209CG9PCQQ,20P09QQCU0
6,2025-11-13 17:17:35 UTC,0989UQ8CJ0Y9,20P09QQCU0,209CG9PCQQ,20P09QQCU0
7,2025-11-09 13:25:15 UTC,0989UPGGC0YR,20P09QQCU0,VPU8QC28R,20P09QQCU0
8,2025-11-09 13:21:52 UTC,0989UPGGLL8V,20P09QQCU0,209ULJ90JJ,20P09QQCU0
9,2025-11-09 13:19:06 UTC,0989UPGG8RLP,20P09QQCU0,20G900G899,20P09QQCU0
10,2025-11-07 15:44:35 UTC,0989U9Y2Y8CL,20P09QQCU0,20G99C2VGJ,20P09QQCU0
11,2025-11-07 15:41:20 UTC,0989U9Y0VRGY,20P09QQCU0,20U80V898G,20P09QQCU0
12,2025-11-07 15:39:16 UTC,0989U9Y0J892,20P09QQCU0,VPQQYC9CC,20P09QQCU0
13,2025-11-07 15:36:16 UTC,0989U9Y0Y2CG,20P09QQCU0,VYJ02Q9UQ,20P09QQCU0
14,2025-11-06 17:03:58 UTC,0989U8JC8P08,20P09QQCU0,VPQRVYLQ9,20P09QQCU0
15,2025-11-06 12:42:25 UTC,0989U8GC8GYU,20P09QQCU0,VPYRLL2GJ,20P09QQCU0
17,2025-11-06 12:40:51 UTC,0989U8GC0QRJ,20P09QQCU0,VPCCP829L,20P09QQCU0
18,2025-11-06 12:39:19 UTC,0989U8GJUG2R,20P09QQCU0,VPQ8QCYLQ,20P09QQCU0
19,2025-11-06 12:37:10 UTC,0989U8GJRJ2V,20P09QQCU0,VYRVCC0LP,20P09QQCU0
20,2025-11-06 12:35:54 UTC,0989U8GJG2YR,20P09QQCU0,VYJJ2VY2R,20P09QQCU0
21,2025-11-06 12:34:39 UTC,0989U8GJLQUL,20P09QQCU0,20P0GUV9VQ,20P09QQCU0
22,2025-11-06 12:33:43 UTC,0989U8GJYPJL,20P09QQCU0,20P0Y9LJC0,20P09QQCU0
23,2025-11-06 12:32:09 UTC,0989U8GJ9YRG,20P09QQCU0,VPYU8CRLL,20P09QQCU0
24,2025-11-06 12:31:12 UTC,0989U8GJ88RP,20P09QQCU0,20P0LL89VV,20P09QQCU0
25,2025-11-06 12:28:39 UTC,0989U8GRUUGC,20P09QQCU0,20P0YYPQ9U,20P09QQCU0
26,2025-11-06 12:24:09 UTC,0989U8GRQ82U,20P09QQCU0,20Y2V82G0V,20P09QQCU0
27,2025-11-06 12:23:00 UTC,0989U8GRYRQL,20P09QQCU0,20P0Y9VU0J,20P09QQCU0
28,2025-11-06 12:21:15 UTC,0989U8GR9LJL,20P09QQCU0,VPYRGP802,20P09QQCU0
29,2025-11-06 12:19:01 UTC,0989U8GR0RRG,20P09QQCU0,VV9V2VYPG,20P09QQCU0
0,2025-11-25 18:44:55 UTC,02QPCL8R2CP8,VQPR8PVVC,20LYV8QU92,VQPR8PVVC
1,2025-11-23 15:56:19 UTC,02QPCPCJGL22,VQPR8PVVC,VPCR9PG9J,VQPR8PVVC
2,2025-11-23 15:53:04 UTC,02QPCPCJ8CGU,VQPR8PVVC,20U82G2PRR,VQPR8PVVC
4,2025-11-23 15:43:07 UTC,02QPCPCGVJVJ,VQPR8PVVC,VVP9QC82U,VQPR8PVVC
6,2025-11-23 13:19:41 UTC,02QPCPJQ9PYU,VQPR8PVVC,20Y800L229,VQPR8PVVC
7,2025-11-23 13:17:15 UTC,02QPCPJQ020Y,VQPR8PVVC,20JPPQ2YUQ,VQPR8PVVC
8,2025-11-23 13:11:42 UTC,02QPCPJLLJYQ,VQPR8PVVC,VVP0VJRV2,VQPR8PVVC
9,2025-11-23 13:08:25 UTC,02QPCPJL8QLC,VQPR8PVVC,VPL2YQ90Q,VQPR8PVVC
10,2025-11-22 21:13:07 UTC,02QPCPY9C2YC,VQPR8PVVC,20U2UCG2P2,VQPR8PVVC
11,2025-11-22 21:09:18 UTC,02QPCPY9Y0G9,VQPR8PVVC,VYJ0QP8P0,VQPR8PVVC
12,2025-11-22 21:05:07 UTC,02QPCPY8ULRP,VQPR8PVVC,20Y2GGY2RV,VQPR8PVVC
14,2025-11-22 20:56:38 UTC,02QPCPY2V9UC,VQPR8PVVC,VVP0GQ2YR,VQPR8PVVC
15,2025-11-22 19:52:19 UTC,02QPCPPR00RG,VQPR8PVVC,20G9Y0JLYL,VQPR8PVVC
16,2025-11-22 19:49:14 UTC,02QPCPPGR2CU,VQPR8PVVC,209V0ULG9Q,VQPR8PVVC
17,2025-11-22 19:46:05 UTC,02QPCPPG9VVV,VQPR8PVVC,VPLVGYV89,VQPR8PVVC
18,2025-11-22 19:40:16 UTC,02QPCPPQGP2R,VQPR8PVVC,VL809092U,VQPR8PVVC
19,2025-11-22 19:38:03 UTC,02QPCPPQPGL8,VQPR8PVVC,VPYUCRLJ8,VQPR8PVVC
20,2025-11-22 19:33:42 UTC,02QPCPPLCP0U,VQPR8PVVC,VPYJLG290,VQPR8PVVC
21,2025-11-22 19:29:42 UTC,02QPCPPLPQQV,VQPR8PVVC,VL2LULPGP,VQPR8PVVC
22,2025-11-22 19:27:16 UTC,02QPCPPL0LYL,VQPR8PVVC,20Y2CPGQQL,VQPR8PVVC
0,2025-11-23 12:51:25 UTC,08YPJ228QGYL,20VY90LYUY,20Y22UU2LR,20VY90LYUY
1,2025-11-23 12:48:29 UTC,09Q9CULPJC0J,20VY90LYUY,VPYCP82UR,20VY90LYUY
2,2025-11-23 12:44:44 UTC,09Q9CULPL8YY,20VY90LYUY,VL2JG90QJ,20VY90LYUY
3,2025-11-23 12:42:04 UTC,09Q9CULP8UUL,20VY90LYUY,VPCUY2CYG,20VY90LYUY
4,2025-11-23 12:39:38 UTC,09Q9CUL9VV0J,20VY90LYUY,VPYUVG0V9,20VY90LYUY
5,2025-11-23 12:37:10 UTC,09Q9CUL9JVR8,20VY90LYUY,VPYU8YRUY,20VY90LYUY
6,2025-11-23 07:33:08 UTC,09Q9CUPCUY89,20VY90LYUY,VPU0UC90U,20VY90LYUY
7,2025-11-23 07:30:27 UTC,09Q9CUPCJLQQ,20VY90LYUY,VPYUUYJY9,20VY90LYUY
8,2025-11-23 07:27:32 UTC,09Q9CUPCGL2G,20VY90LYUY,VPU2L2QUP,20VY90LYUY
9,2025-11-23 07:24:40 UTC,09Q9CUPCLL8C,20VY90LYUY,VPYJJV2YC,20VY90LYUY
10,2025-11-23 07:23:19 UTC,09Q9CUPCYQ2Y,20VY90LYUY,VYJ8CU8GG,20VY90LYUY
11,2025-11-23 07:20:57 UTC,09Q9CUPC9U09,20VY90LYUY,VVP909LPY,20VY90LYUY
12,2025-11-23 07:19:45 UTC,09Q9CUPC90JU,20VY90LYUY,VYRLLYV8J,20VY90LYUY
13,2025-11-23 07:15:51 UTC,09Q9CUPC0Y8Y,20VY90LYUY,209UQGQCRU,20VY90LYUY
14,2025-11-23 07:13:51 UTC,09Q9CUPJUVR2,20VY90LYUY,VPYG28LUL,20VY90LYUY
15,2025-11-23 07:11:58 UTC,09Q9CUPJCR8J,20VY90LYUY,VPYRQ2CLY,20VY90LYUY
16,2025-11-23 07:08:45 UTC,09Q9CUPJRLYJ,20VY90LYUY,VPCGP8C8U,20VY90LYUY
13,2025-11-01 16:39:28 UTC,09L9JV22J2Y8,V9RG2PQ8G,209ULC8LU8,V9RG2PQ8G
15,2025-11-01 06:53:22 UTC,09L9JUCGCJGP,V9RG2PQ8G,VPYGG280V,V9RG2PQ8G
18,2025-11-01 06:43:58 UTC,09L9JUCGYQGU,V9RG2PQ8G,VPYUYL0UL,V9RG2PQ8G
24,2025-10-31 16:41:46 UTC,09L9JULLQPC0,V9RG2PQ8G,VPU0922L0,V9RG2PQ8G
0,2025-11-22 19:58:15 UTC,08QPQJYURQ09,VV9QPGPUC,VV9V9UVV8,VV9QPGPUC
1,2025-11-22 10:44:12 UTC,08QPQJ2QGU08,VV9QPGPUC,20PLPULV90,VV9QPGPUC
2,2025-11-20 12:05:33 UTC,08QPQGCQCPU2,VV9QPGPUC,VVP9YLPY9,VV9QPGPUC
3,2025-11-20 12:02:55 UTC,029PUYGC9VPJ,VV9QPGPUC,V08UUG80R,VV9QPGPUC
5,2025-11-18 20:15:10 UTC,08QPQQCUPYYV,VV9QPGPUC,VVP8JRQQQ,VV9QPGPUC
0,2025-11-14 17:09:15 UTC,08LPRQJRYR2R,C0JCPGQCU,VVP9RLLRL,C0JCPGQCU
1,2025-11-11 20:03:30 UTC,08LPRYVRURC9,C0JCPGQCU,VPL88GR09,C0JCPGQCU
3,2025-11-11 19:56:31 UTC,08LPRYVR82V2,C0JCPGQCU,VPL8PLJJ9,C0JCPGQCU
7,2025-11-11 16:27:25 UTC,08LPRYCVVLUC,C0JCPGQCU,VPU02Q28R,C0JCPGQCU
8,2025-11-11 16:23:02 UTC,08LPRYCVLRQG,C0JCPGQCU,VPQG0Q0Y0,C0JCPGQCU
9,2025-11-11 16:21:20 UTC,08LPRYCVP0YU,C0JCPGQCU,20G9YURQR2,C0JCPGQCU
10,2025-11-11 16:18:19 UTC,08LPRYCUVY2P,C0JCPGQCU,VL0RG9C2V,C0JCPGQCU
16,2025-11-11 14:41:55 UTC,08LPRYC8RY2R,C0JCPGQCU,209URPVP2R,C0JCPGQCU
17,2025-11-11 08:11:34 UTC,08LPRYR0V80Y,C0JCPGQCU,VPYC9QQC0,C0JCPGQCU
18,2025-11-11 08:08:32 UTC,08LPRYR0JJQV,C0JCPGQCU,VPL2JV9Q2,C0JCPGQCU
19,2025-11-11 08:04:55 UTC,08LPRYR0QV29,C0JCPGQCU,VPYRYVU29,C0JCPGQCU
20,2025-11-11 08:00:31 UTC,08LPRYR0PG89,C0JCPGQCU,VPYJLPQG8,C0JCPGQCU
21,2025-11-11 07:55:17 UTC,08LPRYR00LQ0,C0JCPGQCU,20G9P9CGVG,C0JCPGQCU
22,2025-11-11 07:51:54 UTC,08LPRYGVCU2L,C0JCPGQCU,20Y2JRJJPL,C0JCPGQCU
23,2025-11-11 07:48:54 UTC,08LPRYGVRG0C,C0JCPGQCU,VPLYYVQ8G,C0JCPGQCU
24,2025-11-11 07:45:08 UTC,08LPRYGVLRLJ,C0JCPGQCU,VL2JC8LLU,C0JCPGQCU
28,2025-11-10 20:22:54 UTC,08LPRYY8Y09P,C0JCPGQCU,VYJCCQCYQ,C0JCPGQCU
0,2025-11-10 19:51:28 UTC,00YPCGP2YLLV,UVGGL22U2,VPLGCRQ08,UVGGL22U2
1,2025-11-10 19:48:54 UTC,00YPCGP22LRR,UVGGL22U2,209CVCQUC8,UVGGL22U2
2,2025-11-10 19:44:17 UTC,0909ULRV0802,UVGGL22U2,20G09J82V0,UVGGL22U2
3,2025-11-10 18:42:14 UTC,00YPCG9QJQLV,UVGGL22U2,CCP9GRJL9,UVGGL22U2
4,2025-11-10 18:38:45 UTC,00CPCGURYCGR,UVGGL22U2,VPQYLJYRR,UVGGL22U2
5,2025-11-10 18:34:56 UTC,00YPCG9LVL9L,UVGGL22U2,VPYVJ9VUG,UVGGL22U2
6,2025-11-10 18:31:54 UTC,00YPCG9LGCVJ,UVGGL22U2,VPQUVC2YL,UVGGL22U2
7,2025-11-10 18:28:34 UTC,00YPCG9L9J9Y,UVGGL22U2,VPYRY2Y29,UVGGL22U2
8,2025-11-10 18:26:02 UTC,00YPCG9YVJJP,UVGGL22U2,UJVRLCVV2,UVGGL22U2
9,2025-11-10 18:20:00 UTC,088PRLYLLRJG,UVGGL22U2,208UYRJY90,UVGGL22U2
10,2025-11-10 18:16:13 UTC,00YPCG9PUGGR,UVGGL22U2,URYU2URP9,UVGGL22U2
11,2025-11-10 13:48:08 UTC,00YPCG2PQYYV,UVGGL22U2,VYCPLPR9L,UVGGL22U2
12,2025-11-10 13:44:05 UTC,00YPCG2P80L9,UVGGL22U2,UG9LQR8CY,UVGGL22U2
13,2025-11-10 13:40:20 UTC,00YPCG29C0RG,UVGGL22U2,VPGY02299,UVGGL22U2
14,2025-11-10 13:35:22 UTC,09Y9CP9QPPG0,UVGGL22U2,20R0R2JPR2,UVGGL22U2
15,2025-11-10 13:31:17 UTC,00YPCG28V9QG,UVGGL22U2,V28Q08PGV,UVGGL22U2
16,2025-11-10 11:49:17 UTC,00LPCRQVLCQU,UVGGL22U2,CU2YRC290,UVGGL22U2
17,2025-11-10 11:45:18 UTC,00PPVLUR9YRV,UVGGL22U2,VPVP0YGJ0,UVGGL22U2
18,2025-11-10 08:01:14 UTC,00YPCQVG98JY,UVGGL22U2,VPVLJ2G82,UVGGL22U2
19,2025-11-10 07:57:33 UTC,00YPCQVG0PLR,UVGGL22U2,V9L0GQ2V9,UVGGL22U2
20,2025-11-10 07:53:59 UTC,00YPCQVQCQQ2,UVGGL22U2,VV2YJGCPU,UVGGL22U2
21,2025-11-10 07:52:12 UTC,00YPCQVQJ88V,UVGGL22U2,VPYR0JGC0,UVGGL22U2
22,2025-11-10 07:50:58 UTC,00YPCQVQR90Q,UVGGL22U2,VVP8RLJYV,UVGGL22U2
23,2025-11-10 07:48:51 UTC,00YPCQVQQQRG,UVGGL22U2,VPYJGPJ0Y,UVGGL22U2
24,2025-11-09 19:57:20 UTC,00YPCQRLJQCJ,UVGGL22U2,VPYR9UYPV,UVGGL22U2
25,2025-11-09 19:53:28 UTC,00YPCQRLP022,UVGGL22U2,VPYV2UVVU,UVGGL22U2
26,2025-11-09 18:10:39 UTC,00YPCQGQ9PLU,UVGGL22U2,VV9QPGPUC,UVGGL22U2
27,2025-11-09 18:06:58 UTC,00YPCQGLJG8J,UVGGL22U2,VV9QPGPUC,UVGGL22U2
28,2025-11-09 08:59:06 UTC,08U9UY8RV8Q0,UVGGL22U2,20LUU9U22L,UVGGL22U2
29,2025-11-09 08:55:10 UTC,00YPCQPG8Y8J,UVGGL22U2,VPQJ9LV2R,UVGGL22U2
0,2025-11-28 10:04:12 UTC,00QPULUU8820,V8QRY2RGQ,UUQYRP992,V8QRY2RGQ
1,2025-11-28 09:58:21 UTC,08QPQVUJLP2G,V8QRY2RGQ,200CU299LC,V8QRY2RGQ
2,2025-11-28 09:55:04 UTC,009Y0YJYJ8G8,V8QRY2RGQ,8VCGQQQU,V8QRY2RGQ
3,2025-11-28 09:53:05 UTC,009Y0YJYG92R,V8QRY2RGQ,VQ08Q29LG,V8QRY2RGQ
4,2025-11-28 09:49:54 UTC,009Y0YJYY0G2,V8QRY2RGQ,VYJ0CYQQY,V8QRY2RGQ
5,2025-11-28 09:46:57 UTC,009Y0YJY82L2,V8QRY2RGQ,VYRUCCVP2,V8QRY2RGQ
6,2025-11-27 11:02:02 UTC,008Y0P20RRYG,V8QRY2RGQ,8LVJ8URLJ,V8QRY2RGQ
7,2025-11-27 10:44:00 UTC,08GPQJUVYGYL,V8QRY2RGQ,2082PVU29L,V8QRY2RGQ
8,2025-11-27 10:35:09 UTC,009Y0Y2YUV8U,V8QRY2RGQ,VYRU92GVC,V8QRY2RGQ
9,2025-11-27 10:32:48 UTC,02UPJYJCV828,V8QRY2RGQ,VLJQV0QYG,V8QRY2RGQ
10,2025-11-27 10:29:03 UTC,08U9V8QG00RU,V8QRY2RGQ,VC0YL98P0,V8QRY2RGQ
11,2025-11-27 10:25:53 UTC,009Y0Y2YP80Q,V8QRY2RGQ,URJCGJQG9,V8QRY2RGQ
12,2025-11-27 10:10:08 UTC,08YPJ9QJVPVJ,V8QRY2RGQ,200JGG2VGY,V8QRY2RGQ
13,2025-11-26 18:54:11 UTC,009Y0PJ2PUJU,V8QRY2RGQ,VQYCLR22V,V8QRY2RGQ
14,2025-11-26 18:50:57 UTC,009Y0PJ0VQG8,V8QRY2RGQ,2080JUCL9J,V8QRY2RGQ
15,2025-11-26 18:47:47 UTC,009Y0PJ0G9C0,V8QRY2RGQ,VYRVRVJLG,V8QRY2RGQ
16,2025-11-26 18:16:06 UTC,009Y0PRJU802,V8QRY2RGQ,VYJL2RG89,V8QRY2RGQ
17,2025-11-26 17:53:11 UTC,009Y0PRG8G9Y,V8QRY2RGQ,VYRUUQLQ9,V8QRY2RGQ
18,2025-11-26 17:50:30 UTC,08CPQCUQYPVR,V8QRY2RGQ,UV9V82PCY,V8QRY2RGQ
19,2025-11-26 17:47:20 UTC,009Y0PRQLUVP,V8QRY2RGQ,20RQYYQRLL,V8QRY2RGQ
20,2025-11-26 11:56:53 UTC,08QPQURQ9Y2G,V8QRY2RGQ,VVRP0YJCR,V8QRY2RGQ
21,2025-11-26 11:53:04 UTC,09C9YPQP0L00,V8QRY2RGQ,CVCYULUL2,V8QRY2RGQ
22,2025-11-26 11:46:21 UTC,009Y0PLU0LL8,V8QRY2RGQ,20RQYYPGPJ,V8QRY2RGQ
23,2025-11-26 11:41:39 UTC,009Y0PLCR0GU,V8QRY2RGQ,VYRCV9URG,V8QRY2RGQ
24,2025-11-26 11:37:44 UTC,009Y0PLCPG0J,V8QRY2RGQ,VL2UQ0228,V8QRY2RGQ
25,2025-11-26 11:36:30 UTC,009Y0PLC98VY,V8QRY2RGQ,VYRCJURRP,V8QRY2RGQ
26,2025-11-26 11:33:14 UTC,009Y0PLJVGJR,V8QRY2RGQ,VQYUCVJ8U,V8QRY2RGQ
27,2025-11-26 07:50:38 UTC,009Y0PYU9GPU,V8QRY2RGQ,VQPRVLULC,V8QRY2RGQ
28,2025-11-26 07:47:26 UTC,009Y0PYU0V8G,V8QRY2RGQ,VLVV8GULV,V8QRY2RGQ
29,2025-11-26 07:44:13 UTC,009Y0PYCU9PC,V8QRY2RGQ,VQ00JJGCL,V8QRY2RGQ
0,2025-11-28 07:58:48 UTC,080PJG0G2JQR,"UCVRV00JR,C9Y9J888G","VQUU22G9V,UUC9888RC",UCVRV00JR
1,2025-11-27 16:29:56 UTC,08QPQVL9P20G,UCVRV00JR,20YLPGR9LC,UCVRV00JR
2,2025-11-27 16:28:41 UTC,00YPUY0PVQGU,UCVRV00JR,GQPUQ8PPY,UCVRV00JR
3,2025-11-27 11:09:55 UTC,002Y0Y22QPJ8,UCVRV00JR,URPVUUL8V,UCVRV00JR
4,2025-11-27 11:06:36 UTC,028PUCYLVUG0,UCVRV00JR,V0GYY9YQ8,UCVRV00JR
5,2025-11-27 11:03:17 UTC,029PUJ80L8CV,UCVRV00JR,JJG8YJPVC,UCVRV00JR
6,2025-11-27 10:59:44 UTC,089PJ9L80VJV,UCVRV00JR,V8CJ0RLJ9,UCVRV00JR
7,2025-11-27 10:56:34 UTC,0999U0J0PRVQ,UCVRV00JR,JLVRY9UQ9,UCVRV00JR
8,2025-11-26 16:25:32 UTC,09J9YPVP0UGV,UCVRV00JR,208GLG9RQL,UCVRV00JR
9,2025-11-26 16:21:53 UTC,020PUP9P0PRV,UCVRV00JR,J8YLLRPCU,UCVRV00JR
10,2025-11-26 16:17:29 UTC,089PJ8VLY9C2,UCVRV00JR,V9LLCR0V2,UCVRV00JR
11,2025-11-26 16:13:57 UTC,00YPUPYL00RU,UCVRV00JR,20LJ0CGVYC,UCVRV00JR
12,2025-11-26 11:27:22 UTC,00YPUP9L0CGG,UCVRV00JR,CVJ2P2G0V,UCVRV00JR
13,2025-11-26 11:24:02 UTC,0909V8QP8CQY,UCVRV00JR,VGRPGYJU8,UCVRV00JR
14,2025-11-26 11:19:41 UTC,089PJ8CYY2YR,"UCVRV00JR,VJ9PV2PY2","200988LLCJ,VGYC08Y0R",UCVRV00JR
15,2025-11-26 11:15:01 UTC,00YPUP9Y2GUY,UCVRV00JR,GRCPV8U0L,UCVRV00JR
16,2025-11-26 11:13:53 UTC,00PY0999CRYR,UCVRV00JR,UUJLYGJJ0,UCVRV00JR
17,2025-11-26 11:12:13 UTC,020PUP22UVJ8,UCVRV00JR,8QQGUGPPL,UCVRV00JR
18,2025-11-26 11:09:49 UTC,0989V29L9LR2,UCVRV00JR,20GLRCJQJP,UCVRV00JR
19,2025-11-26 07:39:28 UTC,00YPUP8Q8JYU,"VPLLYRC8L,UCVRV00JR","Q8J9Q02V9,20PU2CL0YP",UCVRV00JR
20,2025-11-26 06:38:17 UTC,00RPUP9YRUUC,"UCVRV00JR,200YY2L08L","UV2VRJRL2,UCCVRP8G2",UCVRV00JR
21,2025-11-26 06:32:33 UTC,08JPQUGQ2LJ9,"UCVRV00JR,R2U2G2C89","82200JV88,PG9J9Y22U",UCVRV00JR
22,2025-11-26 06:31:09 UTC,00YPUP890YPU,"V22PPVRL0,UCVRV00JR","22Q00P2YG,V9YVLU8G0",UCVRV00JR
23,2025-11-25 13:18:50 UTC,02QPCL00Y9Q9,"20YLJYJ8QP,UCVRV00JR","PU2QPJ9G,2PVGV2RQQ",UCVRV00JR
24,2025-11-25 13:13:23 UTC,00YPU9R2UY0J,"U8J8YUUUC,UCVRV00JR","20YR2200GR,V82GV0CV9",UCVRV00JR
25,2025-11-25 13:10:58 UTC,00YPU9R2R0Q9,"UG02RVLUC,UCVRV00JR","208CPVQV82,YU8QC9GJ2",UCVRV00JR
26,2025-11-25 10:59:21 UTC,08JPQU0R0VU9,"UCVRV00JR,809GL2L","20YUJQJ2J9,UUJVPRC8L",UCVRV00JR
27,2025-11-25 10:55:22 UTC,00YPU9G9VY0Y,"VCUPVYPVL,UCVRV00JR","V9VJV9C9R,20G8LRGV8C",UCVRV00JR
0,2025-11-22 06:50:15 UTC,00YPU2GP0UUJ,UCVRV00JR,9VY0YYQ9P,UCVRV00JR
0,2025-11-26 04:43:13 UTC,02GPCQCJ9JGV,V28VYRQJL,VGCRCV0RP,V28VYRQJL
1,2025-11-25 15:22:19 UTC,02GPCQL2QJY8,V28VYRQJL,VL88RU0JY,V28VYRQJL
2,2025-11-25 15:18:24 UTC,08GPQRC2QUV0,V28VYRQJL,202LYP09P0,V28VYRQJL
3,2025-11-23 10:08:47 UTC,02GPCL0G9CG8,V28VYRQJL,200P2GP8LJ,V28VYRQJL
25,2025-11-20 11:02:48 UTC,02GPCP20R9U2,V28VYRQJL,VPL0L8QLC,V28VYRQJL
0,2025-11-26 15:07:37 UTC,080PJLUVVGP2,UC9LY0YGU,VQPJLPPJ0,UC9LY0YGU
1,2025-11-26 15:04:05 UTC,00UPUPVV8QU8,UC9LY0YGU,VPJURQUPU,UC9LY0YGU
2,2025-11-26 14:58:29 UTC,08PPJ8YL9J2G,UC9LY0YGU,20G9CU2U8V,UC9LY0YGU
4,2025-11-23 14:12:31 UTC,08PPJ0LG902C,UC9LY0YGU,VPYGCY2VP,UC9LY0YGU
9,2025-11-23 09:48:11 UTC,08PPJ0Y0P0QV,UC9LY0YGU,VPCRJ0J80,UC9LY0YGU
10,2025-11-23 09:44:47 UTC,08PPJ0Y00V0G,UC9LY0YGU,VPYU222VQ,UC9LY0YGU
11,2025-11-23 09:41:02 UTC,08PPJ0PVCG0L,UC9LY0YGU,VPCURGYC8,UC9LY0YGU
13,2025-11-23 09:34:57 UTC,08PPJ0PVL2JG,UC9LY0YGU,VPYUL8RJY,UC9LY0YGU
16,2025-11-23 09:17:33 UTC,08PPJ0PUY0PQ,UC9LY0YGU,VPYJJYJ99,UC9LY0YGU
20,2025-11-23 08:58:07 UTC,08PPJ0PC8GJ8,UC9LY0YGU,VPYRR9G2G,UC9LY0YGU
22,2025-11-23 08:53:03 UTC,08PPJ0PJUYC9,UC9LY0YGU,VPYVGLC9P,UC9LY0YGU
23,2025-11-23 08:49:50 UTC,08PPJ0PJRJVP,UC9LY0YGU,VPL2LPPL9,UC9LY0YGU
24,2025-11-23 08:46:35 UTC,08PPJ0PJQ2RR,UC9LY0YGU,20Y9Q9YQCG,UC9LY0YGU
25,2025-11-23 08:44:00 UTC,08PPJ0PJY0CU,UC9LY0YGU,20G9Y0R9YR,UC9LY0YGU
26,2025-11-23 08:41:43 UTC,08PPJ0PJ992R,UC9LY0YGU,209UYL99QG,UC9LY0YGU
27,2025-11-23 08:38:39 UTC,08PPJ0PJ0JU2,UC9LY0YGU,VPYV82YV9,UC9LY0YGU
28,2025-11-23 05:39:11 UTC,08PPJ0P0GG9G,UC9LY0YGU,VPYJ99QL8,UC9LY0YGU
29,2025-11-23 05:25:01 UTC,08PPJ09VCLJC,UC9LY0YGU,VYC8Y0J2U,UC9LY0YGU
0,2025-11-24 08:43:17 UTC,02UPJ9U2P0U2,VRVQJR8C0,GVJ0LJGLU,VRVQJR8C0
1,2025-11-24 08:37:53 UTC,02UPJ9U0VU92,VRVQJR8C0,VPQRGPP09,VRVQJR8C0
2,2025-11-24 08:34:30 UTC,08U9V0R99QLY,VRVQJR8C0,20G080G9LG,VRVQJR8C0
3,2025-11-24 08:30:48 UTC,02UPJ9U0GPGY,VRVQJR8C0,V8C0920QP,VRVQJR8C0
4,2025-11-24 08:26:58 UTC,02UPJ9U0Y9Q9,VRVQJR8C0,202JC2YCQG,VRVQJR8C0
5,2025-11-24 08:22:24 UTC,02UPJ9U02QGG,VRVQJR8C0,20LC0UQ82V,VRVQJR8C0
6,2025-11-24 08:18:35 UTC,02UPJ9CVUL20,VRVQJR8C0,VUJU0UQ89,VRVQJR8C0
7,2025-11-24 08:14:22 UTC,09U9Y8UUPU2V,VRVQJR8C0,20LQJ2CUJ8,VRVQJR8C0
8,2025-11-24 08:11:48 UTC,0909V29PU9UP,VRVQJR8C0,20JCGRL9PL,VRVQJR8C0
0,2025-11-24 07:11:01 UTC,00VPU9QUGQQL,C888GGYV9,J89RVV2U2,C888GGYV9
1,2025-11-23 21:19:08 UTC,00VPU9PRQVJQ,C888GGYV9,R08VCPJ02,C888GGYV9
2,2025-11-23 16:55:39 UTC,000Y00VCPCCG,C888GGYV9,V9QLLL20U,C888GGYV9
3,2025-11-23 10:21:59 UTC,08RPQJ2PRYC8,C888GGYV9,20002CR8JR,C888GGYV9
4,2025-11-22 14:45:04 UTC,09C9Y889JPPJ,C888GGYV9,LL98VLRUR,C888GGYV9
5,2025-11-22 14:40:58 UTC,00VPU8YVYV0J,C888GGYV9,CJRVC9QP8,C888GGYV9
6,2025-11-22 12:45:37 UTC,09P9CJ90R28Q,C888GGYV9,P28RJRRU,C888GGYV9
7,2025-11-22 10:52:22 UTC,08JPQJ802UPQ,C888GGYV9,P890QYU9P,C888GGYV9
8,2025-11-21 15:46:40 UTC,00CPU2C9UUQ9,C888GGYV9,CCUU2L88Q,C888GGYV9
9,2025-11-21 13:28:04 UTC,00VPU2RU29YR,C888GGYV9,QPJVGP0VV,C888GGYV9
10,2025-11-21 13:21:49 UTC,00VPU2RCYVQ0,C888GGYV9,G0JLC200L,C888GGYV9
0,2025-11-23 21:47:57 UTC,09C9Y90GV8YU,QVYJPLJLC,PR9J9RPGV,QVYJPLJLC
1,2025-11-22 23:06:11 UTC,02RPCYJ0P9QR,QVYJPLJLC,QPJ0P0YJV,QVYJPLJLC
2,2025-11-22 08:33:30 UTC,02LPC9LPQJY2,QVYJPLJLC,UP2RJ2C9L,QVYJPLJLC
3,2025-11-22 08:28:09 UTC,02RPCY9QJ0P8,QVYJPLJLC,QPC0QLYV9,QVYJPLJLC
4,2025-11-22 08:25:18 UTC,02VPJ9GGJYQG,QVYJPLJLC,VGLUCVR9Y,QVYJPLJLC
5,2025-11-22 01:08:42 UTC,02UPJ8YYQJYC,QVYJPLJLC,JP989YQGL,QVYJPLJLC
6,2025-11-22 01:02:34 UTC,00RPU2QR08C9,QVYJPLJLC,CJJQCQQL2,QVYJPLJLC
0,2025-11-25 07:47:09 UTC,00VPUP8L82YV,V9RVYUY8V,20LYRUJCU9,V9RVYUY8V
2,2025-11-21 18:32:29 UTC,00VPU2ULJQLY,V9RVYUY8V,VPCC9LV9Y,V9RVYUY8V
3,2025-11-21 18:28:53 UTC,00VPU2ULPPYJ,V9RVYUY8V,VPQYLR2YP,V9RVYUY8V
5,2025-11-21 12:47:04 UTC,00VPU2RQUL09,V9RVYUY8V,VPCU99980,V9RVYUY8V
6,2025-11-15 11:49:49 UTC,00VPCCCPPCR0,V9RVYUY8V,VL2QV0QRC,V9RVYUY8V
8,2025-11-12 06:17:53 UTC,00VPCRC2G8UP,V9RVYUY8V,VPYR28PLL,V9RVYUY8V
9,2025-11-12 06:11:49 UTC,00VPCRC29QYQ,V9RVYUY8V,20JP0J9VQJ,V9RVYUY8V
10,2025-11-11 19:57:05 UTC,00VPCRQGYPQU,V9RVYUY8V,VPCUY92RL,V9RVYUY8V
11,2025-11-11 15:46:16 UTC,00VPCRYGC088,V9RVYUY8V,VL9JQU2VU,V9RVYUY8V
12,2025-11-08 17:10:20 UTC,00VPCQQ9CGL0,V9RVYUY8V,VPL90R0GP,V9RVYUY8V
14,2025-11-08 12:48:24 UTC,00VPCQY0CUJY,V9RVYUY8V,VPC2ULJV0,V9RVYUY8V
18,2025-11-08 05:02:07 UTC,00VPCQ8CUU89,V9RVYUY8V,VPYU80YLP,V9RVYUY8V
26,2025-11-07 19:14:51 UTC,00VPCLUCJ9CU,V9RVYUY8V,20Y88P8CY2,V9RVYUY8V
27,2025-11-07 19:12:07 UTC,00VPCLUCYCGU,V9RVYUY8V,VPQLC98UY,V9RVYUY8V
29,2025-11-07 14:00:37 UTC,00VPCLJ8Y0JJ,V9RVYUY8V,VYRRJRVQY,V9RVYUY8V
0,2025-11-17 18:06:15 UTC,00RPCUJ9CY92,VP0L99Q2Q,V8Y8YRVY8,VP0L99Q2Q
1,2025-11-17 18:01:35 UTC,00RPCUJ99G9J,VP0L99Q2Q,VPLUPJPRV,VP0L99Q2Q
2,2025-11-17 17:58:32 UTC,00UPCV9VCYQV,VP0L99Q2Q,VP22QGGC8,VP0L99Q2Q
3,2025-11-15 13:43:29 UTC,0909URGLVYJP,VP0L99Q2Q,20JR080J8L,VP0L99Q2Q
4,2025-11-11 07:22:29 UTC,00RPCGR0C09P,VP0L99Q2Q,VPYJP9PJR,VP0L99Q2Q
5,2025-11-11 07:17:44 UTC,00RPCGR0QLVC,VP0L99Q2Q,VVP2Y8Y8C,VP0L99Q2Q
6,2025-11-11 07:12:30 UTC,00RPCGR09GJR,VP0L99Q2Q,VPYUCY9UJ,VP0L99Q2Q
7,2025-11-10 16:01:52 UTC,00RPCG9P9QJR,VP0L99Q2Q,20U9J9JRQJ,VP0L99Q2Q
8,2025-11-08 03:25:20 UTC,00RPCLGR2CQ8,VP0L99Q2Q,VPYVJUYLP,VP0L99Q2Q
10,2025-11-04 15:27:06 UTC,00RPCPPPPLU8,VP0L99Q2Q,VPL0LCG8Q,VP0L99Q2Q
11,2025-11-04 15:22:49 UTC,00RPCPP9CG9J,VP0L99Q2Q,VPVJUCPYP,VP0L99Q2Q
15,2025-11-02 08:13:27 UTC,00RPC8JVJ8VU,VP0L99Q2Q,VPL899GYV,VP0L99Q2Q
16,2025-11-02 08:08:09 UTC,00RPC8JVL988,VP0L99Q2Q,20G9LUPPRL,VP0L99Q2Q
17,2025-11-02 08:04:08 UTC,00RPC8JV99L2,VP0L99Q2Q,VPYJUYPCP,VP0L99Q2Q
20,2025-11-02 07:50:44 UTC,00RPC8JUQLP2,VP0L99Q2Q,VPCRJ2QUG,VP0L99Q2Q
21,2025-11-02 07:46:38 UTC,00RPC8JUPQ8G,VP0L99Q2Q,VPYC2LPVG,VP0L99Q2Q
22,2025-11-02 07:42:19 UTC,00RPC8JU2YC0,VP0L99Q2Q,VPYR2YRLL,VP0L99Q2Q
23,2025-11-02 07:37:10 UTC,00RPC8JCCJQL,VP0L99Q2Q,VPCVP0RVG,VP0L99Q2Q
25,2025-11-02 07:10:25 UTC,00RPC8JJQ990,VP0L99Q2Q,VPYJUPQ2P,VP0L99Q2Q
26,2025-11-02 07:06:51 UTC,00RPC8JJPCPU,VP0L99Q2Q,VPL0URU8P,VP0L99Q2Q
27,2025-11-01 18:00:36 UTC,00RPC8YC9VYP,VP0L99Q2Q,VVY88CUQ9,VP0L99Q2Q
28,2025-11-01 17:56:14 UTC,00RPC8YJJ28U,VP0L99Q2Q,20Y2JJV0UP,VP0L99Q2Q
29,2025-10-31 16:51:37 UTC,00RPC2JY2YQL,VP0L99Q2Q,VPYUCCQYC,VP0L99Q2Q
0,2025-11-28 05:37:38 UTC,02LPCQ992C0U,VY99QYCVJ,VYJQ208YG,VY99QYCVJ
1,2025-11-28 05:33:55 UTC,02LPCQ98UC8Y,VY99QYCVJ,VL2VP9Y8G,VY99QYCVJ
2,2025-11-28 05:29:39 UTC,02LPCQ98RPUY,VY99QYCVJ,VL88JUYUY,VY99QYCVJ
3,2025-11-28 05:25:21 UTC,02LPCQ98YC90,VY99QYCVJ,VJPR8VGU8,VY99QYCVJ
4,2025-11-28 05:22:35 UTC,02LPCQ989QLU,VY99QYCVJ,20RQPQRRCU,VY99QYCVJ
5,2025-11-28 04:58:36 UTC,02LPCQ90U8PQ,VY99QYCVJ,VLVJLRG2V,VY99QYCVJ
6,2025-11-28 04:51:31 UTC,02LPCQ90LY8L,VY99QYCVJ,VQPRQG2VY,VY99QYCVJ
7,2025-11-28 04:48:02 UTC,02LPCQ909L9J,VY99QYCVJ,RCQYCLQ89,VY99QYCVJ
8,2025-11-28 04:46:22 UTC,02LPCQ9080J2,VY99QYCVJ,VYRCYPGLJ,VY99QYCVJ
9,2025-11-28 04:42:54 UTC,02LPCQ8VV2QJ,VY99QYCVJ,VYJJU9PYV,VY99QYCVJ
10,2025-11-28 04:39:35 UTC,02LPCQ8VJPYR,VY99QYCVJ,VQYC2U8R8,VY99QYCVJ
11,2025-11-27 13:56:43 UTC,02LPCLJR2PGY,VY99QYCVJ,VQ09Y0RVL,VY99QYCVJ
12,2025-11-27 13:54:50 UTC,02LPCLJGUJR9,VY99QYCVJ,VYRVQV8JR,VY99QYCVJ
13,2025-11-27 13:51:57 UTC,02LPCLJGGCV9,VY99QYCVJ,VYJP9V9UU,VY99QYCVJ
14,2025-11-27 13:48:37 UTC,02LPCLJGPPJL,VY99QYCVJ,VYRJYY0CQ,VY99QYCVJ
15,2025-11-27 13:45:24 UTC,02LPCLJG0082,VY99QYCVJ,VQYJL0P8U,VY99QYCVJ
16,2025-11-27 13:43:03 UTC,00LPULLQ9P92,VY99QYCVJ,V8JC8P8LJ,VY99QYCVJ
17,2025-11-27 13:39:44 UTC,02LPCLJQLLYC,VY99QYCVJ,209U9UPRRJ,VY99QYCVJ
18,2025-11-27 13:37:45 UTC,09J9YYLQ9CY9,VY99QYCVJ,2002URVPGU,VY99QYCVJ
19,2025-11-27 05:42:22 UTC,08CPQU90LVLP,VY99QYCVJ,V8QU8PLYR,VY99QYCVJ
20,2025-11-27 05:40:02 UTC,02LPCLG92Q89,VY99QYCVJ,20PGGP8GYG,VY99QYCVJ
21,2025-11-27 05:36:07 UTC,0999U0GRYV09,VY99QYCVJ,20JLU0900Y,VY99QYCVJ
22,2025-11-27 05:32:41 UTC,08LPJ2CUJQ0Y,VY99QYCVJ,20PRJVRGVP,VY99QYCVJ
23,2025-11-27 05:09:33 UTC,02LPCLG2Y2QR,VY99QYCVJ,VYRCL98CP,VY99QYCVJ
24,2025-11-27 05:06:11 UTC,02LPCLG28YRP,VY99QYCVJ,VYRJGLCYC,VY99QYCVJ
25,2025-11-27 04:53:17 UTC,02LPCLG0L9LG,VY99QYCVJ,VL2VCR8UC,VY99QYCVJ
26,2025-11-27 04:49:11 UTC,02LPCLG08UVU,VY99QYCVJ,VYRVCL28R,VY99QYCVJ
27,2025-11-27 04:43:47 UTC,02LPCLQVUQCY,VY99QYCVJ,20VYJL2VCQ,VY99QYCVJ
28,2025-11-26 05:38:33 UTC,09Y9U02VVJUQ,VY99QYCVJ,20RUGGYUQY,VY99QYCVJ
29,2025-11-26 05:34:50 UTC,02LPCYVLL9CY,VY99QYCVJ,VYJPJLPRJ,VY99QYCVJ
0,2025-11-23 14:59:54 UTC,022PV9UL8PP0,V09JUGR92,VY99QYCVJ,V09JUGR92
1,2025-11-23 14:54:45 UTC,02LPCP9UP2JU,V09JUGR92,VY99QYCVJ,V09JUGR92
2,2025-11-23 14:49:38 UTC,022PV9UPVJ80,V09JUGR92,VY99QYCVJ,V09JUGR92
3,2025-11-23 14:45:27 UTC,022PV9UPQ2C8,V09JUGR92,VY99QYCVJ,V09JUGR92
4,2025-11-23 14:42:33 UTC,022PV9UP8GUL,V09JUGR92,VY99QYCVJ,V09JUGR92
5,2025-11-23 11:40:14 UTC,022PV9C0V88V,V09JUGR92,VPQQCJRQG,V09JUGR92
6,2025-11-23 11:26:59 UTC,08RPQJ2R9QJL,V09JUGR92,2099R8J9QQ,V09JUGR92
7,2025-11-23 11:22:57 UTC,022PV9JVGYU8,V09JUGR92,20JP29R9L0,V09JUGR92
8,2025-11-23 11:13:54 UTC,022PV9JUUUVL,V09JUGR92,VY99QYCVJ,V09JUGR92
9,2025-11-23 11:10:27 UTC,02LPCP8YYPJU,V09JUGR92,VY99QYCVJ,V09JUGR92
16,2025-11-13 05:13:21 UTC,022PUC890QPJ,V09JUGR92,VPYJ8Y0L2,V09JUGR92
18,2025-11-13 05:03:49 UTC,022PUC88QJGU,V09JUGR92,VPYR82QUJ,V09JUGR92
20,2025-11-12 08:52:14 UTC,022PUJGLPGC9,V09JUGR92,VPYRQJYGY,V09JUGR92
24,2025-11-12 06:33:54 UTC,022PUJQUQ8V2,V09JUGR92,VPQLV0LCC,V09JUGR92
25,2025-11-12 06:30:47 UTC,022PUJQUPGL0,V09JUGR92,20Y2JGQQVC,V09JUGR92
26,2025-11-12 06:27:57 UTC,022PUJQU89GY,V09JUGR92,VPYVQLUGU,V09JUGR92
